       42  12.255422  -86.391968     4.946    -3825.3     2070.9    -2745.4      3.5      4.8      2.6 2014  4 11  3 31 42.000  3.9   2
       48  12.290793  -86.408887     5.517    -5666.0     5983.7    -2173.7      3.4      4.7      2.6 2014  4 11  4 35  9.000  3.1   2
       49  12.291042  -86.378809     5.515    -2392.8     6011.3    -2175.8      3.3      4.6      2.6 2014  4 11  5 20 13.000  2.7   2
       51  12.309770  -86.372184     3.187    -1672.8     8083.1    -4504.8      3.4      4.6      2.7 2014  4 11  5 29 38.000  2.7   2
       52  12.269645  -86.396525    12.559    -4320.8     3644.3     4867.3      4.0      5.4      4.2 2014  4 11  5 33 50.000  3.1   2
       53  12.296071  -86.380322     5.696    -2557.8     6567.7    -1994.2      3.4      4.5      2.6 2014  4 11  5 43 21.000  3.0   2
       69  12.284298  -86.414624    13.856    -6290.0     5265.2     6164.1      6.9      9.2      9.6 2014  4 11  9  1  7.000  2.7   2
       96  12.263215  -86.438306     4.732    -8867.1     2933.0    -2959.6      3.6      4.9      2.7 2014  4 11 14 10 36.000  2.6   2
       99  12.257471  -86.393807    11.851    -4025.4     2297.6     4159.1      6.4      7.6      7.2 2014  4 11 14 52 41.000  3.3   2
      102  12.254532  -86.434033    14.176    -8401.6     1972.4     6484.2      7.0      9.3      9.5 2014  4 11 15 56 52.000  3.3   2
      123  12.286026  -86.414657     1.737    -6293.6     5456.5    -5954.9      4.3      5.6      5.6 2014  4 11 21 38 53.000  3.3   2
      126  12.286255  -86.355583     3.102      133.8     5481.7    -4589.1      3.6      4.8      4.4 2014  4 11 21 51 32.000  3.7   2
      132  12.198827  -86.436475    13.943    -8668.1    -4189.8     6251.0      8.4     10.1     15.9 2014  4 12  0  8 11.000  4.1   2
      133  12.296427  -86.431478    12.749    -8123.2     6607.1     5057.7      8.9     10.9     15.5 2014  4 12  0 16 55.000  3.3   2
      134  12.262599  -86.417391     5.644    -6591.5     2864.8    -2046.8      3.5      4.8      2.6 2014  4 12  0 21 37.000  4.0   2
      137  12.279315  -86.408968    16.018    -5674.3     4714.1     8327.0      7.0      9.2      9.3 2014  4 12  2 50 42.000  2.9   2
      141  12.255310  -86.439006    13.944    -8943.4     2058.5     6252.5      7.0      9.6      9.5 2014  4 12  3 40 38.000  3.3   2
      155  12.264148  -86.416772     9.248    -6523.5     3036.2     1556.4      3.6      4.9     15.2 2014  4 12 10  2  9.000  3.2   2
      157  12.296250  -86.384920     2.081    -3058.0     6587.5    -5610.8      3.4      4.7      3.3 2014  4 12 10 23 13.000  2.7   2
      178  12.289030  -86.391398     4.809    -3762.7     5788.8    -2882.8      3.4      4.7      2.6 2014  4 13  1 20  6.000  4.3   2
      183  12.268608  -86.419499     5.589    -6820.5     3529.6    -2101.6      3.5      4.8      2.6 2014  4 13  2  7 37.000  3.4   2
      228  12.264683  -86.404191    12.212    -5154.7     3095.4     4520.8      5.7      6.9      7.1 2014  4 13 17 41 35.000  3.1   2
      238  12.280739  -86.426465     5.598    -7577.8     4871.6    -2092.4      3.5      4.8      2.6 2014  4 14  0 27 46.000  2.6   2
      245  12.305076  -86.385726     5.596    -3145.4     7563.8    -2094.0      3.4      4.6      2.6 2014  4 14  4 12 24.000  4.4   2
      248  12.265877  -86.384123     4.844    -2971.1     3227.5    -2847.6      3.4      4.7      2.6 2014  4 14  5  7  3.000  5.6   2
      249  12.261257  -86.401172     2.390    -4826.4     2716.4    -5301.1      3.5      4.8      3.4 2014  4 14  5 11  6.000  3.1   2
      250  12.289198  -86.379036     5.630    -2417.9     5807.3    -2060.4      3.4      4.6      2.6 2014  4 14  5 17  7.000  2.9   2
      251  12.270378  -86.402246     8.893    -4943.3     3725.3     1201.8      3.5      4.7      8.5 2014  4 14  5 25 27.000  3.1   2
      252  12.278250  -86.391284     4.815    -3750.8     4596.2    -2876.8      3.4      4.7      2.6 2014  4 14  5 39 43.000  3.0   2
      253  12.291113  -86.392749     0.602    -3910.0     6019.3    -7088.1      7.6     11.0      2.0 2014  4 14  5 43 53.000  4.6   2
      254  12.279854  -86.399227     5.550    -4614.4     4773.7    -2140.4      3.4      4.7      2.6 2014  4 14  5 49 29.000  3.5   2
      255  12.288897  -86.369515    14.037    -1381.7     5774.0     6345.9     19.3     25.9     17.1 2014  4 14  5 54 58.000  2.5   2
      256  12.283908  -86.376050     5.618    -2093.3     5222.2    -2072.1      3.4      4.6      2.6 2014  4 14  5 59 25.000  3.5   2
      257  12.236057  -86.416146    12.845    -6456.2      -71.4     5153.7      5.0      9.7      5.0 2014  4 14  6  5 24.000  3.5   2
      258  12.246542  -86.402897     8.416    -5014.5     1088.6      724.4      3.6      4.8      8.8 2014  4 14  6 12 31.000  4.0   2
      259  12.258147  -86.396102    11.138    -4275.2     2372.3     3446.2      6.3      7.5     19.4 2014  4 14  6 20 56.000  3.5   2
      261  12.240189  -86.416813    16.631    -6528.1      385.7     8939.4      4.9     10.0      4.3 2014  4 14  6 31  1.000  2.9   2
      262  12.211756  -86.429875    16.701    -7950.0    -2759.5     9009.7      4.9     10.3      4.3 2014  4 14  6 34 11.000  3.0   2
      263  12.265480  -86.393538     4.827    -3995.8     3183.5    -2864.3      3.4      4.7      2.6 2014  4 14  6 39  2.000  2.8   2
      265  12.265773  -86.386279     4.724    -3206.2     3215.9    -2967.9      3.4      4.7      2.6 2014  4 14  6 52 26.000  3.2   2
      267  12.271051  -86.391439     5.470    -3767.3     3799.9    -2221.4      3.4      4.7      2.6 2014  4 14  7 10  5.000  3.1   2
      270  12.258386  -86.391642     4.756    -3789.7     2398.9    -2936.0      3.4      4.8      2.6 2014  4 14  7 27 46.000  2.7   2
      271  12.276614  -86.384172     5.547    -2976.8     4415.3    -2143.1      3.4      4.7      2.6 2014  4 14  7 36 13.000  3.1   2
      282  12.276694  -86.383325     5.502    -2885.1     4424.1    -2188.3      3.4      4.7      2.6 2014  4 14  9  5 18.000  3.3   2
      284  12.278256  -86.391252     5.765    -3746.8     4596.9    -1926.3      3.4      4.7      2.6 2014  4 14  9 23 45.000  3.0   2
      291  12.288708  -86.410783     3.476    -5871.5     5753.2    -4214.2      3.6      4.8      2.7 2014  4 14 11 32  4.000  3.0   2
      292  12.245253  -86.449438    17.300   -10078.4      946.0     9608.3      4.9     10.2      4.8 2014  4 14 11 36 40.000  3.3   2
      293  12.280726  -86.410075     5.530    -5794.7     4870.2    -2160.0      3.5      4.8      2.6 2014  4 14 11 54 22.000  3.0   2
      294  12.284134  -86.414990     0.609    -6329.3     5247.2    -7081.3      8.4     11.3      1.9 2014  4 14 12 36 25.000  3.8   2
      295  12.263542  -86.393660     5.658    -4009.5     2969.2    -2032.0      3.4      4.8      2.6 2014  4 14 12 44 18.000  2.7   2
      300  12.261424  -86.400285     4.713    -4730.3     2734.9    -2978.3      3.5      4.8      2.6 2014  4 14 13 50 15.000  3.2   2
      304  12.267256  -86.395972     5.366    -4260.4     3380.0    -2325.6      3.5      4.7      2.6 2014  4 14 15 54 21.000  3.6   2
      305  12.263140  -86.393555     8.811    -3997.6     2924.7     1119.1      5.0      6.0      9.3 2014  4 14 16 21 47.000  2.7   2
      306  12.275921  -86.422941     4.806    -7194.5     4338.5    -2885.0      3.5      4.9      2.6 2014  4 14 17  0 57.000  2.9   2
      310  12.273858  -86.407650     8.745    -5531.2     4110.3     1053.7      3.5      4.8      8.9 2014  4 14 18 14 22.000  3.7   2
      317  12.288608  -86.410726     5.518    -5865.3     5742.0    -2172.8      3.4      4.7      2.6 2014  4 14 20 51 29.000  3.3   2
      320  12.283570  -86.405688     4.712    -5317.5     5184.8    -2979.1      4.2      5.3      2.6 2014  4 14 21 40 33.000  3.4   2
      323  12.230062  -86.422925    15.054    -7193.6     -734.5     7362.4      7.0      9.5      9.4 2014  4 14 22 19 29.000  2.9   2
      330  12.259589  -86.424634    12.331    -7379.4     2531.8     4639.4      6.9      9.2      9.6 2014  4 15  0 53 43.000  2.5   2
      341  12.273410  -86.428052    15.177    -7751.3     4060.8     7485.5      6.9      9.3      9.2 2014  4 15  4  0 46.000  2.7   2
      342  12.238460  -86.360848     5.693     -439.4      194.6    -1997.9      3.7      4.8      2.7 2014  4 15  4 15 46.000  2.6   2
      343  12.225853  -86.362223     5.683     -589.2    -1200.0    -2007.3      3.8      4.9      2.8 2014  4 15  4 28  7.000  4.2   2
      348  12.206417  -86.366683     5.841    -1074.0    -3350.2    -1849.5      6.0      7.2      2.9 2014  4 15  7  4  5.000  3.5   2
      360  12.267415  -86.403678     1.191    -5098.9     3397.7    -6500.1      4.6      5.7      5.7 2014  4 15 12  2  0.000  2.7   2
      362  12.280133  -86.389827     5.567    -3592.2     4804.5    -2123.7      3.4      4.7      2.6 2014  4 15 12 48 12.000  3.3   2
      398  12.204645  -86.400244     5.737    -4726.3    -3546.3    -1953.9      8.4      7.4      5.4 2014  4 16 22 44 53.000  2.8   2
      408  12.253023  -86.403760    14.854    -5108.2     1805.6     7162.5      5.0      9.6      4.8 2014  4 17  4 34 41.000  2.5   2
      429  12.204760  -86.399797     2.486    -4677.3    -3533.5    -5205.8      8.4      7.4      5.6 2014  4 17 22 32 17.000  3.7   2
      433  12.205039  -86.397567     3.755    -4435.1    -3502.6    -3936.9      8.3      7.3      6.5 2014  4 17 23 42 21.000  2.5   2
      449  12.264512  -86.408789    15.929    -5655.3     3076.5     8237.4      6.7      9.3      9.1 2014  4 18 14  9 20.000  2.6   2
      658  12.266609  -86.411027     4.848    -5898.4     3308.5    -2843.7      3.5      4.8      2.6 2014  5  2  2 48 41.000  3.6   2
      738  12.268864  -86.400146     2.784    -4714.6     3557.9    -4907.5      3.5      4.7      3.2 2014  5 15  1 49 57.000  2.5   2
      837  12.280962  -86.422355     3.460    -7131.0     4896.2    -4231.8      3.5      4.8      2.6 2014  6  1 11 38 16.000  3.6   2
      974  12.254099  -86.404085     4.884    -5143.6     1924.5    -2807.7      3.6      4.8      2.7 2014  6 26  7  0 32.000  2.5   2
