        1  12.381216  -86.459839     2.381     1093.0     3642.6    -4770.6      0.0      0.0      0.0 2014  4 10 18 43 54.000  4.0   1
        2  12.346206  -86.535539     5.151    -7140.5     -230.3    -2000.2      0.0      0.0      0.0 2014  4 10 18 46  2.000  1.9   1
        5  12.417371  -86.526245     3.672    -6128.1     7642.2    -3480.2      0.0      0.0      0.0 2014  4 10 23 35  2.000  4.4   1
        6  12.346033  -86.552702     3.048    -9006.9     -249.5    -4102.6      0.0      0.0      0.0 2014  4 10 23 37 25.000  3.8   1
       12  12.335533  -86.455542     2.929     1560.9    -1411.1    -4221.8      0.0      0.0      0.0 2014  4 11  0  1 22.000  5.0   1
       13  12.346673  -86.448787     1.770     2295.4     -178.8    -5381.3      0.0      0.0      0.0 2014  4 11  0 12 13.000  3.6   1
       14  12.414600  -86.516235     4.422    -5039.7     7335.7    -2728.8      0.0      0.0      0.0 2014  4 11  0 28 46.000  5.0   1
       15  12.387206  -86.470703     5.503      -88.3     4305.3    -1647.7      0.0      0.0      0.0 2014  4 11  0 39 46.000  3.9   1
       17  12.404610  -86.460726     5.411      996.7     6230.7    -1740.2      0.0      0.0      0.0 2014  4 11  0 44 26.000  4.0   1
       19  12.398988  -86.607666     0.675   -14983.6     5608.7    -6476.3      0.0      0.0      0.0 2014  4 11  0 54 59.000  2.7   1
       25  12.449589  -86.550228     3.998    -8735.7    11206.3    -3153.1      0.0      0.0      0.0 2014  4 11  1 38  1.000  3.9   1
       26  12.368153  -86.482332     5.760    -1353.0     2197.5    -1391.4      0.0      0.0      0.0 2014  4 11  1 46 17.000  3.2   1
       30  12.436288  -86.477002     1.884     -773.6     9735.0    -5267.2      0.0      0.0      0.0 2014  4 11  2 11 18.000  2.4   1
       35  12.319567  -86.451774     8.347     1970.6    -3177.3     1195.8      0.0      0.0      0.0 2014  4 11  2 48 43.000  1.4   1
       44  12.406421  -86.484513    12.564    -1590.6     6430.9     5411.5      0.0      0.0      0.0 2014  4 11  3 49 57.000  3.9   1
       45  12.445971  -86.494946     4.067    -2724.7    10806.0    -3085.2      0.0      0.0      0.0 2014  4 11  4  3 25.000  3.1   1
       47  12.425166  -86.502295     4.740    -3524.1     8504.6    -2412.1      0.0      0.0      0.0 2014  4 11  4 27 29.000  2.5   1
       48  12.336177  -86.437174     3.111     3558.6    -1339.8    -4040.1      0.0      0.0      0.0 2014  4 11  4 35  9.000  3.1   1
       49  12.329086  -86.424976     2.755     4885.4    -2124.2    -4395.8      0.0      0.0      0.0 2014  4 11  5 20 13.000  2.7   1
       50  12.360912  -86.538818    23.326    -7496.4     1396.5    16174.1      0.0      0.0      0.0 2014  4 11  5 23 41.000  3.8   1
       53  12.306678  -86.434253     3.653     3875.8    -4603.0    -3497.7      0.0      0.0      0.0 2014  4 11  5 43 21.000  3.0   1
       71  12.349313  -86.435799    14.783     3707.9      113.5     7630.8      0.0      0.0      0.0 2014  4 11  9 11  1.000  3.3   1
       79  12.451409  -86.551115     5.789    -8832.8    11407.7    -1363.2      0.0      0.0      0.0 2014  4 11 10 33  7.000  2.3   1
       80  12.373959  -86.465218     4.545      508.5     2839.8    -2606.4      0.0      0.0      0.0 2014  4 11 10 52 20.000  2.8   1
       81  12.351342  -86.441374     1.988     3101.3      337.9    -5163.1      0.0      0.0      0.0 2014  4 11 11  4 50.000  2.7   1
       86  12.395119  -86.520825     3.035    -5539.4     5180.7    -4117.1      0.0      0.0      0.0 2014  4 11 11 45 31.000  3.0   1
       88  12.337716  -86.479159     1.932    -1008.3    -1169.5    -5218.8      0.0      0.0      0.0 2014  4 11 12 20 41.000  2.9   1
       91  12.393523  -86.462337     1.020      821.1     5004.1    -6131.0      0.0      0.0      0.0 2014  4 11 12 52 31.000  3.0   1
       97  12.333816  -86.470744     3.053      -92.7    -1601.0    -4099.0      0.0      0.0      0.0 2014  4 11 14 28  4.000  3.3   1
      100  12.394188  -86.515682     1.802    -4980.3     5077.7    -5349.3      0.1      0.0      0.0 2014  4 11 15 17 53.000  2.3   1
      101  12.409722  -86.528988     8.571    -6426.7     6796.1     1418.6      0.0      0.0      0.0 2014  4 11 15 23 19.000  2.2   1
      107  12.457174  -86.627889     4.832   -17180.5    12045.4    -2320.1      0.0      0.0      0.0 2014  4 11 17 16 14.000  1.8   1
      109  12.380974  -86.479020     1.511     -993.2     3615.9    -5641.5      0.0      0.0      0.0 2014  4 11 18 17 18.000  4.4   1
      119  12.362488  -86.473014     4.448     -339.6     1570.8    -2704.3      0.0      0.0      0.0 2014  4 11 20  5 15.000  3.7   1
      120  12.305306  -86.433366     1.122     3972.3    -4754.8    -6029.1      0.0      0.0      0.0 2014  4 11 20  8 43.000  3.2   1
      128  12.399749  -86.494092     1.841    -2631.9     5692.8    -5309.9      0.0      0.0      0.0 2014  4 11 22 23 40.000  1.4   1
      129  12.494811  -86.585710     2.000   -12593.1    16209.0    -5151.4      0.0      0.0      0.0 2014  4 11 22 35 36.000  1.9   1
      134  12.266453  -86.440340     5.586     3214.6    -9053.0    -1564.5      0.0      0.0      0.0 2014  4 12  0 21 37.000  4.0   1
      136  12.426919  -86.513298    13.824    -4720.4     8698.4     6672.0      0.0      0.0      0.0 2014  4 12  2 30 43.000  2.8   1
      139  12.384503  -86.442399     2.756     2989.6     4006.3    -4396.4      0.0      0.0      0.0 2014  4 12  3 20 25.000  2.0   1
      142  12.359511  -86.484660     1.799    -1606.1     1241.5    -5352.5      0.0      0.0      0.0 2014  4 12  5  3 37.000  2.2   1
      143  12.373355  -86.507503     3.377    -4090.6     2773.1    -3774.9      0.0      0.0      0.0 2014  4 12  5 25 52.000  1.8   1
      146  12.307445  -86.450334     3.138     2127.4    -4518.2    -4013.8      0.0      0.0      0.0 2014  4 12  6 11 10.000  2.3   1
      147  12.459507  -86.570321     2.965   -10920.5    12303.5    -4187.2      0.0      0.0      0.0 2014  4 12  6 25 25.000  1.9   1
      149  12.396905  -86.506771     3.169    -4010.5     5378.2    -3983.2      0.0      0.0      0.0 2014  4 12  7  4 47.000  1.6   1
      157  12.325904  -86.418522     2.362     5586.7    -2476.1    -4789.6      0.0      0.0      0.0 2014  4 12 10 23 13.000  2.7   1
      162  12.439122  -86.497754     3.010    -3030.0    10048.4    -4141.7      0.0      0.0      0.0 2014  4 12 12 58  7.000  3.0   1
      165  12.351793  -86.512256     1.157    -4607.5      387.8    -5993.8      0.0      0.0      0.0 2014  4 12 14 17 50.000  2.8   1
      166  12.433321  -86.539396     0.995    -7558.0     9406.7    -6156.3      0.0      0.0      0.0 2014  4 12 14 49 26.000  1.7   1
      168  12.424055  -86.538110     4.905    -7418.5     8381.7    -2246.9      0.0      0.0      0.0 2014  4 12 17 54  5.000  2.6   1
      169  12.436812  -86.551685     3.924    -8894.6     9792.9    -3227.7      0.0      0.0      0.0 2014  4 12 18 16  2.000  2.2   1
      174  12.359974  -86.567716    11.491   -10639.1     1292.7     4338.7      0.0      0.0      0.0 2014  4 12 21 28 59.000  1.2   1
      184  12.400514  -86.541309    19.587    -7767.3     5777.4    12434.7      0.0      0.0      0.0 2014  4 13  2 18 34.000  1.7   1
      187  12.418121  -86.596859     2.981   -13807.8     7725.2    -4170.1      0.0      0.0      0.0 2014  4 13  3 12 12.000  2.0   1
      191  12.374286  -86.542603     4.157    -7908.2     2876.0    -2994.8      0.0      0.0      0.0 2014  4 13  4 18 53.000  1.4   1
      192  12.387386  -86.434375    12.969     3862.0     4325.2     5816.8      0.0      0.0      0.0 2014  4 13  4 21 32.000  1.8   1
      193  12.371559  -86.508325    13.408    -4180.2     2574.3     6256.2      0.0      0.0      0.0 2014  4 13  4 59  0.000  1.6   1
      196  12.351397  -86.458561     5.047     1232.4      343.9    -2105.2      0.0      0.0      0.0 2014  4 13  5 54 36.000  3.6   1
      197  12.355505  -86.559521     5.630    -9747.9      798.4    -1521.2      0.0      0.0      0.0 2014  4 13  6  5 48.000  1.4   1
      203  12.337575  -86.500073     5.487    -3283.1    -1185.1    -1664.0      0.0      0.0      0.0 2014  4 13  6 53 29.000  1.9   1
      204  12.358566  -86.476595     1.656     -729.6     1137.0    -5496.0      0.0      0.0      0.0 2014  4 13  7  0 40.000  2.1   1
      210  12.396255  -86.507511     5.307    -4091.2     5306.3    -1844.7      0.0      0.0      0.0 2014  4 13  7 57 47.000  3.6   1
      211  12.395550  -86.477645     3.788     -843.3     5228.3    -3363.4      0.0      0.0      0.0 2014  4 13  8 20 56.000  2.1   1
      214  12.424541  -86.472998     4.234     -338.2     8435.4    -2917.3      0.0      0.0      0.0 2014  4 13  8 32 35.000  2.4   1
      218  12.394794  -86.489998     3.741    -2187.3     5144.6    -3411.2      0.0      0.0      0.0 2014  4 13  9 54  4.000  2.7   1
      220  12.368179  -86.462362     4.794      818.4     2200.4    -2357.4      0.0      0.0      0.0 2014  4 13 10 29 34.000  2.4   1
      224  12.375447  -86.520492     4.997    -5503.6     3004.4    -2153.9      0.0      0.0      0.0 2014  4 13 13 50 42.000  2.6   1
      225  12.396094  -86.529948     4.258    -6531.4     5288.5    -2893.6      0.0      0.0      0.0 2014  4 13 14 46 27.000  3.6   1
      226  12.422348  -86.521305     3.154    -5591.2     8192.8    -3997.8      0.0      0.0      0.0 2014  4 13 14 51 52.000  2.4   1
      229  12.399365  -86.578190    11.873   -11777.4     5650.4     4721.2      0.0      0.0      0.0 2014  4 13 17 54 30.000  1.8   1
      235  12.339105  -86.412891     4.595     6199.3    -1015.8    -2556.8      0.0      0.0      0.0 2014  4 13 23 40 11.000  3.6   1
      249  12.274038  -86.436369     2.372     3646.6    -8213.9    -4780.4      0.0      0.0      0.0 2014  4 14  5 11  6.000  3.1   1
      250  12.306825  -86.422550     4.046     5149.0    -4586.9    -3104.6      0.0      0.0      0.0 2014  4 14  5 17  7.000  2.9   1
      252  12.297527  -86.429338     3.319     4411.0    -5615.3    -3833.2      0.0      0.0      0.0 2014  4 14  5 39 43.000  3.0   1
      253  12.282574  -86.454134     1.151     1713.4    -7269.5    -5999.8      0.0      0.0      0.0 2014  4 14  5 43 53.000  4.6   1
      254  12.323176  -86.441325     2.781     3107.1    -2777.9    -4369.7      0.0      0.0      0.0 2014  4 14  5 49 29.000  3.5   1
      255  12.239738  -86.340446    11.971    14081.0   -12008.3     4819.0      0.0      0.0      0.0 2014  4 14  5 54 58.000  2.5   1
      257  12.211358  -86.370752    11.547    10784.7   -15147.8     4395.1      0.0      0.0      0.0 2014  4 14  6  5 24.000  3.5   1
      261  12.220004  -86.360327    15.881    11919.3   -14191.2     8729.3      0.0      0.0      0.0 2014  4 14  6 31  1.000  2.9   1
      262  12.188545  -86.368636    15.663    11016.1   -17671.5     8510.8      0.0      0.0      0.0 2014  4 14  6 34 11.000  3.0   1
      270  12.259857  -86.459969     2.739     1078.7    -9782.5    -4413.3      0.0      0.0      0.0 2014  4 14  7 27 46.000  2.7   1
      272  12.508774  -86.531706     1.161    -6721.6    17753.6    -5990.5      0.0      0.0      0.0 2014  4 14  7 41 56.000  2.6   1
      273  12.191682  -86.351522    17.213    12878.0   -17324.4    10060.8      0.0      0.0      0.0 2014  4 14  7 51 33.000  2.5   1
      274  12.198308  -86.358504    14.939    12117.3   -16591.3     7786.9      0.0      0.0      0.0 2014  4 14  7 56 18.000  2.2   1
      276  12.382407  -86.451750     3.986     1973.1     3774.3    -3165.8      0.0      0.0      0.0 2014  4 14  8 32 35.000  2.6   1
      286  12.379017  -86.506860     4.452    -4020.7     3399.4    -2699.0      0.0      0.0      0.0 2014  4 14 10 14 24.000  2.8   1
      289  12.229585  -86.359302    14.020    12030.4   -13131.5     6868.3      0.0      0.0      0.0 2014  4 14 10 52 13.000  2.4   1
      292  12.230492  -86.390487    16.070     8637.5   -13031.0     8918.0      0.0      0.0      0.0 2014  4 14 11 36 40.000  3.3   1
      295  12.279274  -86.430575     4.294     4276.7    -7634.6    -2856.6      0.0      0.0      0.0 2014  4 14 12 44 18.000  2.7   1
      296  12.359030  -86.486971     5.790    -1857.7     1188.3    -1361.2      0.0      0.0      0.0 2014  4 14 12 53 33.000  1.9   1
      300  12.283138  -86.429899     3.442     4349.5    -7207.1    -3710.1      0.0      0.0      0.0 2014  4 14 13 50 15.000  3.2   1
      301  12.163447  -86.463102    10.116      738.8   -20447.9     2964.8      0.0      0.0      0.0 2014  4 14 13 54 31.000  1.8   1
      308  12.415316  -86.481177     1.451    -1227.8     7414.9    -5699.6      0.1      0.0      0.0 2014  4 14 17 32 23.000  2.0   1
      314  12.295705  -86.539697    25.667    -7592.9    -5816.9    18515.1      0.0      0.0      0.0 2014  4 14 19 14 35.000  2.1   1
      332  12.269269  -86.529313     2.779    -6463.6    -8741.4    -4372.7      0.0      0.0      0.0 2014  4 15  1 12 47.000  1.3   1
      334  12.223029  -86.382422     4.309     9515.2   -13856.7    -2842.4      0.0      0.1      0.0 2014  4 15  2 15 48.000  1.9   1
      339  12.370357  -86.447314     5.474     2455.4     2441.4    -1677.4      0.0      0.0      0.0 2014  4 15  3 41 44.000  3.3   1
      348  12.126137  -86.413639     8.594     6120.7   -24575.2     1442.7      0.0      0.0      0.0 2014  4 15  7  4  5.000  3.5   1
      356  12.363589  -86.460929     5.113      974.2     1692.7    -2037.6      0.0      0.0      0.0 2014  4 15  9 27  5.000  1.5   1
      362  12.283002  -86.415316     5.443     5936.2    -7222.3    -1707.6      0.0      0.0      0.0 2014  4 15 12 48 12.000  3.3   1
      367  12.386723  -86.576546     1.874   -11599.0     4251.9    -5277.7      0.0      0.0      0.0 2014  4 15 16 28 23.000  1.2   1
      371  12.434429  -86.515210     4.018    -4928.5     9529.2    -3133.4      0.0      0.0      0.0 2014  4 15 18 50  4.000  2.8   1
      372  12.443441  -86.450293     3.337     2130.9    10526.2    -3815.1      0.0      0.0      0.0 2014  4 15 19 42 44.000  2.6   1
      377  12.349697  -86.459684     5.479     1109.8      155.8    -1672.1      0.0      0.0      0.0 2014  4 16  3 18 32.000  3.8   1
      378  12.374317  -86.457609     5.118     1335.3     2879.5    -2032.7      0.0      0.0      0.0 2014  4 16  3 48 38.000  2.0   1
      381  12.379888  -86.458512     5.707     1237.7     3495.7    -1444.2      0.0      0.0      0.0 2014  4 16  5 21 52.000  2.3   1
      382  12.389051  -86.516357     3.761    -5053.8     4509.5    -3391.3      0.0      0.0      0.0 2014  4 16  5 25 14.000  2.0   1
      390  12.362116  -86.488729    24.784    -2048.7     1529.8    17632.1      0.0      0.0      0.0 2014  4 16 15 40  7.000  1.7   1
      398  12.135336  -86.448291     8.231     2350.2   -23557.6     1079.7      0.0      0.0      0.0 2014  4 16 22 44 53.000  2.8   1
      399  12.224163  -86.385400     3.671     9191.6   -13731.2    -3480.3      0.0      0.1      0.0 2014  4 16 22 53 26.000  1.8   1
      402  12.349662  -86.461816     5.721      878.3      152.0    -1429.8      0.0      0.0      0.0 2014  4 17  0 11 45.000  2.3   1
      411  12.327400  -86.542464    24.321    -7893.5    -2310.7    17168.7      0.0      0.0      0.0 2014  4 17  6 44 21.000  2.2   1
      429  12.120775  -86.445947     8.198     2604.7   -25168.4     1046.5      0.0      0.0      0.0 2014  4 17 22 32 17.000  3.7   1
      431  12.355570  -86.539632    23.550    -7585.3      805.7    16397.5      0.0      0.0      0.0 2014  4 17 23  6 21.000  1.4   1
      434  12.353485  -86.469653     2.683       25.4      574.9    -4468.2      0.0      0.0      0.0 2014  4 18  0 19  5.000  3.9   1
      438  12.389206  -86.511825    14.306    -4560.7     4526.5     7153.9      0.0      0.0      0.1 2014  4 18  3 42 53.000  2.8   1
      445  12.362689  -86.472078     4.641     -238.3     1593.1    -2510.2      0.0      0.0      0.0 2014  4 18 12  5 17.000  2.5   1
      446  12.341389  -86.449910     4.435     2173.3     -763.2    -2717.5      0.0      0.0      0.0 2014  4 18 12 21 58.000  4.4   1
      447  12.365236  -86.503019     0.495    -3602.9     1874.9    -6656.2      0.0      0.0      0.0 2014  4 18 12 26 45.000  3.7   1
      452  12.315563  -86.457194     4.461     1380.5    -3620.2    -2690.7      0.0      0.0      0.0 2014  4 18 16 51 38.000  2.2   1
      453  12.388960  -86.494230     4.714    -2647.5     4499.2    -2436.7      0.0      0.0      0.0 2014  4 18 17 21 29.000  3.0   1
      458  12.311046  -86.638973    18.643   -18391.4    -4119.8    11490.9      0.0      0.0      0.0 2014  4 19  1 11 29.000  1.1   1
      462  12.434230  -86.536100     2.230    -7199.9     9507.2    -4922.0      0.0      0.0      0.0 2014  4 19  6 40 24.000  1.4   1
      463  12.347735  -86.563582     4.789   -10190.3      -61.2    -2362.8      0.0      0.0      0.0 2014  4 19  6 59  8.000  1.2   1
      464  12.254626  -86.496574     1.557    -2903.0   -10361.2    -5594.7      0.0      0.0      0.0 2014  4 19  7  6 33.000  1.7   1
      467  12.375072  -86.481999    14.003    -1316.8     2963.0     6851.0      0.0      0.0      0.0 2014  4 19  8 28 53.000  1.4   1
      470  12.343915  -86.487793     1.048    -1947.0     -483.8    -6103.2      0.0      0.0      0.0 2014  4 19 13 44 28.000  3.9   1
      472  12.399657  -86.491520     4.054    -2352.3     5682.7    -3097.7      0.0      0.0      0.0 2014  4 19 14 33 32.000  2.4   1
      473  12.406846  -86.554240     1.949    -9173.2     6478.0    -5203.1      0.0      0.0      0.0 2014  4 19 17 40 17.000  1.9   1
      474  12.389550  -86.516488     5.474    -5067.7     4564.5    -1676.7      0.0      0.0      0.0 2014  4 19 18 18 15.000  4.0   1
      476  12.395967  -86.553532     4.968    -9096.2     5274.4    -2183.9      0.0      0.0      0.0 2014  4 19 19  9 45.000  1.6   1
      480  12.368689  -86.537321    17.545    -7333.3     2256.9    10393.2      0.0      0.0      0.0 2014  4 20  0 27 38.000  2.6   1
      481  12.372910  -86.509717    22.887    -4331.6     2723.8    15735.3      0.0      0.0      0.0 2014  4 20  3 34 39.000  2.3   1
      483  12.366852  -86.468026     4.892      202.3     2053.6    -2260.0      0.0      0.0      0.0 2014  4 20  4 24  4.000  2.9   1
      487  12.461150  -86.550399     3.917    -8754.4    12485.3    -3233.6      0.0      0.0      0.0 2014  4 20  9 23 20.000  2.9   1
      489  12.370868  -86.515438     5.809    -4953.8     2497.9    -1343.3      0.0      0.0      0.0 2014  4 20 11 43 41.000  2.5   1
      492  12.404761  -86.501465     3.087    -3433.8     6247.3    -4064.5      0.0      0.0      0.0 2014  4 20 14 42 22.000  3.0   1
      496  12.397618  -86.550586     1.945    -8776.1     5457.0    -5206.2      0.0      0.0      0.0 2014  4 21  0 15 54.000  1.5   1
      497  12.237879  -86.419189     1.024     5515.8   -12213.8    -6128.0      0.0      0.0      0.0 2014  4 21  3 35 51.000  1.4   1
      498  12.364343  -86.576237    11.459   -11566.1     1776.2     4306.9      0.0      0.0      0.0 2014  4 21  5 14 36.000  1.6   1
      499  12.388767  -86.495402     5.503    -2774.8     4478.0    -1648.4      0.0      0.0      0.0 2014  4 21  5 29 39.000  1.3   1
      506  12.443404  -86.551742     2.154    -8900.5    10522.1    -4997.8      0.0      0.0      0.0 2014  4 21 15 45 38.000  1.4   1
      507  12.375896  -86.547013     1.664    -8388.1     3054.1    -5487.4      0.0      0.0      0.0 2014  4 21 15 53 33.000  1.4   1
      511  12.276820  -86.540715    25.277    -7704.1    -7906.1    18125.3      0.0      0.0      0.0 2014  4 22  0 18  8.000  2.4   1
      513  12.384139  -86.471867    15.761     -215.3     3966.0     8608.9      0.0      0.0      0.0 2014  4 22  4 14 50.000  2.6   1
      514  12.432906  -86.494580     5.087    -2685.4     9360.8    -2064.2      0.0      0.0      0.0 2014  4 22  4 18 39.000  5.2   1
      520  12.478741  -86.529451    14.225    -6476.0    14431.3     7072.9      0.0      0.0      0.0 2014  4 22  4 35 43.000  2.1   1
      521  12.481213  -86.560612    17.855    -9865.0    14704.7    10703.0      0.0      0.0      0.0 2014  4 22  4 41 24.000  1.4   1
      526  12.391820  -86.561434     2.604    -9955.6     4815.8    -4547.8      0.0      0.0      0.0 2014  4 22  6 23 28.000  1.3   1
      529  12.421580  -86.539119    12.518    -7528.2     8107.9     5365.8      0.0      0.0      0.0 2014  4 22  8 46 49.000  1.3   1
      540  12.332434  -86.503312    23.983    -3635.6    -1753.8    16830.5      0.0      0.0      0.0 2014  4 23  1 11 56.000  2.0   1
      541  12.336325  -86.480029    16.135    -1102.8    -1323.4     8983.1      0.0      0.0      0.0 2014  4 23  1 33 26.000  2.0   1
      545  12.362742  -86.516496     3.350    -5068.9     1599.0    -3802.2      0.0      0.0      0.0 2014  4 23  4  4 13.000  2.8   1
      546  12.384501  -86.471956     5.921     -224.9     4006.1    -1230.3      0.0      0.0      0.0 2014  4 23  4 44 44.000  4.1   1
      552  12.358846  -86.486654     2.313    -1823.4     1167.9    -4837.8      0.0      0.0      0.0 2014  4 23 15 12 21.000  2.1   1
      555  12.396375  -86.493555    16.558    -2574.0     5319.6     9406.4      0.0      0.0      0.0 2014  4 23 20  2 48.000  2.9   1
      560  12.357289  -86.461613     3.247      900.5      995.7    -3905.2      0.0      0.0      0.0 2014  4 24  3 35 53.000  3.3   1
      563  12.383426  -86.479248     1.232    -1017.6     3887.1    -5918.6      0.0      0.0      0.0 2014  4 24  7 10 59.000  2.1   1
      565  12.376802  -86.518848    15.166    -5324.5     3154.3     8014.5      0.0      0.0      0.0 2014  4 24  9 10 60.000  1.6   1
      568  12.342992  -86.491479    14.611    -2348.3     -585.8     7459.3      0.0      0.0      0.0 2014  4 24  9 25 49.000  1.7   1
      570  12.407703  -86.487996     4.718    -1969.0     6572.7    -2433.3      0.0      0.0      0.0 2014  4 24  9 38 56.000  3.2   1
      573  12.382106  -86.474618    14.848     -513.8     3741.1     7696.2      0.0      0.0      0.0 2014  4 24 21 25  8.000  1.6   1
      574  12.353226  -86.527930    25.117    -6312.3      546.2    17964.7      0.0      0.0      0.0 2014  4 24 22 12  2.000  1.7   1
      578  12.408220  -86.520565    19.375    -5510.8     6630.0    12223.5      0.0      0.0      0.0 2014  4 25  2 32 58.000  1.5   1
      584  12.362187  -86.495256     4.884    -2758.9     1537.5    -2266.8      0.0      0.0      0.0 2014  4 25 14 20 29.000  2.5   1
      594  12.341596  -86.461165     2.679      948.7     -740.2    -4471.6      0.0      0.0      0.0 2014  4 26  9 33  5.000  3.6   1
      599  12.375612  -86.473926     1.747     -439.0     3022.8    -5405.0      0.0      0.0      0.0 2014  4 27  2  6 25.000  3.2   1
      602  12.351733  -86.538550    19.339    -7467.2      381.2    12187.1      0.0      0.0      0.0 2014  4 27 14 33 38.000  2.0   1
      604  12.280467  -86.517773    16.839    -5208.4    -7502.6     9686.5      0.0      0.0      0.0 2014  4 27 16  4 34.000  2.8   1
      605  12.294430  -86.532454    18.323    -6805.6    -5958.1    11171.3      0.0      0.0      0.0 2014  4 27 18 51 48.000  1.6   1
      607  12.338238  -86.479443     5.925    -1038.9    -1111.8    -1225.7      0.0      0.0      0.0 2014  4 28  4  0 48.000  3.3   1
      609  12.381230  -86.468066     4.636      198.1     3644.2    -2515.0      0.0      0.0      0.0 2014  4 28  9 42 22.000  3.0   1
      614  12.329761  -86.549788     1.955    -8690.2    -2049.5    -5195.9      0.0      0.0      0.0 2014  4 28 17 19 33.000  1.1   1
      616  12.363319  -86.577083     4.708   -11657.8     1662.8    -2443.5      0.0      0.0      0.0 2014  4 28 22 13 19.000  1.5   1
      619  12.370034  -86.484953     3.766    -1637.9     2405.6    -3386.1      0.0      0.0      0.0 2014  4 29  2 29 36.000  1.6   1
      627  12.388651  -86.514746     4.437    -4878.6     4465.1    -2715.3      0.0      0.0      0.0 2014  4 30  0 51 51.000  2.5   1
      630  12.407576  -86.561165     5.290    -9926.1     6558.7    -1861.7      0.0      0.0      0.0 2014  4 30  6 25 41.000  1.6   1
      631  12.262937  -86.484847     5.904    -1627.0    -9441.9    -1248.1      0.0      0.0      0.0 2014  4 30  8 15 49.000  2.6   1
      635  12.394014  -86.488094    13.562    -1979.5     5058.5     6409.5      0.0      0.0      0.0 2014  5  1  1  8  7.000  1.9   1
      639  12.419271  -86.523503    17.411    -5830.3     7852.4    10258.9      0.0      0.0      0.0 2014  5  1 10  8 54.000  1.5   1
      644  12.318527  -86.509530    24.467    -4311.9    -3292.2    17315.1      0.0      0.0      0.0 2014  5  1 13 47 35.000  1.9   1
      647  12.329205  -86.467236     2.193      288.1    -2111.0    -4957.9      0.0      0.0      0.0 2014  5  1 14 11  5.000  3.1   1
      648  12.402150  -86.530330     2.352    -6572.6     5958.5    -4800.4      0.0      0.0      0.0 2014  5  1 17 49 55.000  3.5   1
      651  12.439322  -86.491813    17.141    -2383.8    10070.6     9988.8      0.0      0.0      0.0 2014  5  1 23  7 14.000  1.5   1
      652  12.420361  -86.489445    11.385    -2126.9     7973.1     4232.9      0.0      0.0      0.0 2014  5  2  0  8 24.000  2.0   1
      653  12.369101  -86.482886    12.681    -1413.8     2302.4     5529.1      0.0      0.0      0.0 2014  5  2  0 37  1.000  1.4   1
      654  12.384976  -86.600252     1.427   -14177.5     4058.7    -5724.5      0.0      0.0      0.0 2014  5  2  0 48 23.000  1.2   1
      658  12.297261  -86.449528     2.805     2215.1    -5644.8    -4347.3      0.0      0.0      0.0 2014  5  2  2 48 41.000  3.6   1
      659  12.356941  -86.491032     4.120    -2299.5      957.2    -3032.5      0.0      0.0      0.0 2014  5  2  3 31  6.000  2.3   1
      663  12.368570  -86.520654     5.979    -5520.9     2243.7    -1173.2      0.0      0.0      0.0 2014  5  2  4 21 56.000  3.9   1
      664  12.382812  -86.523804     3.565    -5863.8     3819.3    -3587.3      0.0      0.0      0.0 2014  5  2  4 25 22.000  2.4   1
      670  12.433418  -86.524292     3.913    -5916.1     9417.4    -3238.1      0.0      0.0      0.0 2014  5  2  5 25 28.000  2.2   1
      674  12.426846  -86.550138     4.812    -8726.9     8690.5    -2339.6      0.0      0.0      0.0 2014  5  2 13 10 52.000  1.2   1
      676  12.348173  -86.539453     4.780    -7565.9      -12.7    -2372.5      0.0      0.0      0.0 2014  5  2 19 37 16.000  1.5   1
      682  12.421742  -86.492212    19.792    -2427.7     8125.7    12639.6      0.0      0.0      0.0 2014  5  4  3 42  5.000  1.1   1
      684  12.435279  -86.494954     3.589    -2726.1     9623.4    -3562.6      0.0      0.0      0.0 2014  5  4  7 36  2.000  1.3   1
      686  12.387543  -86.560539     2.273    -9858.7     4342.5    -4878.1      0.0      0.0      0.0 2014  5  4 12 13  7.000  0.8   1
      687  12.386105  -86.568018     2.115   -10672.1     4183.5    -5035.6      0.0      0.0      0.0 2014  5  4 12 44  5.000  1.0   1
      689  12.434910  -86.537484    12.936    -7350.7     9582.5     5783.5      0.1      0.2      0.2 2014  5  5 12 36 11.000  1.7   1
      696  12.381490  -86.523364    27.900    -5815.5     3672.9    20748.2      0.0      0.0      0.0 2014  5  6 12 43 47.000  1.3   1
      697  12.458870  -86.542871     3.525    -7935.6    12233.1    -3626.7      0.0      0.0      0.0 2014  5  7  0 21 38.000  1.1   1
      703  12.445748  -86.503727     4.945    -3679.8    10781.4    -2205.7      0.0      0.0      0.0 2014  5  7 12 53 30.000  1.4   1
      704  12.390162  -86.517977    17.363    -5229.4     4632.2    10210.5      0.0      0.0      0.0 2014  5  7 15 35 29.000  1.7   1
      705  12.259175  -86.470313     3.143      -46.4    -9858.1    -4008.3      0.0      0.0      0.0 2014  5  7 23 19 50.000  2.0   1
      706  12.350245  -86.586239     3.954   -12654.1      216.5    -3198.4      0.0      0.0      0.0 2014  5  8  3  5 38.000  1.7   1
      709  12.395362  -86.538688    15.085    -7481.8     5207.6     7933.2      0.0      0.0      0.0 2014  5  8  6 59 40.000  2.3   1
      711  12.343899  -86.586426    14.829   -12675.1     -485.6     7676.8      0.0      0.0      0.0 2014  5  8 16 25  6.000  1.5   1
      725  12.513188  -86.554150     1.839    -9161.5    18241.9    -5311.9      0.0      0.0      0.0 2014  5 10 18 21 44.000  1.9   1
      730  12.449430  -86.483480     2.841    -1477.9    11188.8    -4310.9      0.0      0.0      0.0 2014  5 12  4 58 19.000  2.2   1
      734  12.365520  -86.577873     2.094   -11744.2     1906.3    -5057.3      0.0      0.0      0.0 2014  5 13  6 41 22.000  1.5   1
      736  12.351118  -86.439364     3.516     3319.6      313.1    -3635.7      0.0      0.0      0.0 2014  5 14 11 16 34.000  2.8   1
      741  12.339459  -86.540584     5.432    -7689.1     -976.6    -1719.7      0.0      0.0      0.0 2014  5 15 13 53 17.000  1.3   1
      742  12.414224  -86.529834     3.996    -6519.2     7294.1    -3155.8      0.0      0.0      0.0 2014  5 15 14  7 54.000  1.6   1
      745  12.440781  -86.600570     2.027   -14210.8    10231.9    -5124.3      0.0      0.0      0.0 2014  5 15 23  4 46.000  0.8   1
      747  12.341472  -86.578581     5.724   -11821.9     -754.0    -1427.2      0.0      0.0      0.0 2014  5 16  4 29 29.000  1.0   1
      749  12.417507  -86.483529     4.797    -1483.1     7657.3    -2354.7      0.0      0.0      0.0 2014  5 16 14 44 51.000  2.3   1
      750  12.429804  -86.609342     7.899   -15165.0     9017.7      747.0      0.0      0.0      0.0 2014  5 16 15 10 34.000  1.2   1
      754  12.410494  -86.550317     4.753    -8746.6     6881.5    -2398.7      0.0      0.0      0.0 2014  5 16 18  2 38.000  1.3   1
      755  12.411588  -86.575968     1.130   -11535.7     7002.5    -6021.4      0.0      0.0      0.0 2014  5 16 19  2  2.000  1.2   1
      764  12.378478  -86.588770     4.859   -12928.8     3339.8    -2293.1      0.0      0.0      0.0 2014  5 20  9 23  1.000  1.6   1
      765  12.354794  -86.552393    25.314    -8972.8      719.7    18162.3      0.0      0.0      0.0 2014  5 20 11 20 25.000  1.7   1
      767  12.311272  -86.601261    16.415   -14289.4    -4094.8     9262.5      0.0      0.0      0.0 2014  5 20 19 26 35.000  1.4   1
      769  12.399846  -86.519922     2.991    -5441.3     5703.6    -4160.7      0.0      0.0      0.0 2014  5 20 22 20 27.000  1.2   1
      770  12.355495  -86.499390    16.693    -3208.2      797.3     9540.7      0.0      0.0      0.0 2014  5 20 23  2 34.000  1.9   1
      773  12.360256  -86.530078    16.861    -6545.6     1324.0     9708.8      0.0      0.0      0.0 2014  5 21 19 53 36.000  2.0   1
      777  12.369311  -86.476864     5.701     -758.5     2325.6    -1450.5      0.0      0.0      0.0 2014  5 22  0 27 38.000  3.6   1
      779  12.275890  -86.552743    21.399    -9012.8    -8008.9    14246.7      0.0      0.0      0.0 2014  5 22  0 43 36.000  1.4   1
      786  12.395791  -86.499129     4.500    -3179.5     5254.9    -2651.2      0.0      0.0      0.0 2014  5 22  4 11 10.000  1.8   1
      787  12.406856  -86.564274     3.409   -10263.9     6479.0    -3743.2      0.0      0.0      0.0 2014  5 22 12  8  7.000  1.2   1
      789  12.339469  -86.499390     4.526    -3208.3     -975.6    -2624.6      0.0      0.0      0.0 2014  5 24  0 28 57.000  2.8   1
      791  12.441743  -86.510962     1.390    -4466.3    10338.4    -5761.9      0.0      0.0      0.0 2014  5 25  1 29 31.000  1.8   1
      792  12.408434  -86.515153     2.370    -4922.0     6653.6    -4781.7      0.0      0.0      0.0 2014  5 25  2 32 48.000  1.4   1
      793  12.361392  -86.490771     1.441    -2270.9     1449.6    -5709.5      0.0      0.0      0.0 2014  5 25 16 48 49.000  2.7   1
      796  12.411570  -86.513582     0.682    -4751.1     7000.6    -6469.1      0.0      0.0      0.0 2014  5 25 17 40  6.000  2.7   1
      800  12.398462  -86.531844     0.976    -6737.2     5550.5    -6174.8      0.0      0.0      0.0 2014  5 26  3 50  5.000  1.2   1
      802  12.386131  -86.577189     5.677   -11669.2     4186.3    -1473.7      0.0      0.0      0.0 2014  5 26  4 32 28.000  1.3   1
      804  12.386416  -86.553613     4.891    -9105.6     4217.8    -2260.9      0.0      0.0      0.0 2014  5 26  6 30 16.000  1.4   1
      808  12.399540  -86.549731     3.968    -8683.2     5669.7    -3183.7      0.0      0.0      0.0 2014  5 26  9 17 32.000  1.3   1
      814  12.439434  -86.520516     3.856    -5505.1    10082.9    -3294.6      0.0      0.0      0.0 2014  5 27  0 12 44.000  3.1   1
      819  12.339153  -86.546151    14.691    -8294.6    -1010.6     7539.4      0.0      0.0      0.0 2014  5 28  6 55  5.000  2.2   1
      823  12.443784  -86.499691    11.650    -3240.7    10564.1     4497.8      0.0      0.0      0.0 2014  5 29  5 57 18.000  1.8   1
      831  12.349941  -86.495483    19.769    -2783.5      182.9    12617.2      0.0      0.0      0.0 2014  5 31  1 40 23.000  2.5   1
      850  12.427101  -86.544499     3.904    -8113.7     8718.6    -3246.7      0.0      0.0      0.0 2014  6  2  3 18 57.000  1.3   1
      852  12.360403  -86.506836    18.166    -4018.5     1340.2    11014.2      0.0      0.0      0.0 2014  6  3  4 14 11.000  1.6   1
      857  12.477988  -86.553231     1.691    -9061.7    14347.9    -5459.9      0.0      0.0      0.0 2014  6  4  7  8 12.000  1.3   1
      862  12.376329  -86.586597     5.638   -12692.5     3102.0    -1512.6      0.0      0.0      0.0 2014  6  5  6 31 31.000  1.0   1
      864  12.393844  -86.511548    13.664    -4530.8     5039.5     6511.7      0.0      0.0      0.0 2014  6  5 23 20  2.000  1.6   1
      865  12.383465  -86.512166     4.793    -4597.9     3891.4    -2358.1      0.0      0.0      0.0 2014  6  6  3 28 42.000  2.3   1
      866  12.350021  -86.486930     5.238    -1853.0      191.8    -1914.0      0.0      0.0      0.0 2014  6  8  2 14 29.000  4.0   1
      867  12.369884  -86.487736     5.371    -1941.4     2389.1    -1780.5      0.0      0.0      0.0 2014  6  8  2 17 49.000  3.2   1
      868  12.394292  -86.535848     0.873    -7172.7     5089.2    -6277.7      0.0      0.0      0.0 2014  6  8  2 23 19.000  1.0   1
      870  12.338275  -86.484049    24.605    -1540.5    -1107.7    17452.9      0.0      0.0      0.0 2014  6  8  2 34 13.000  1.7   1
      871  12.326861  -86.554346    22.553    -9186.2    -2370.4    15401.4      0.0      0.0      0.0 2014  6  8  2 40 47.000  2.0   1
      874  12.325207  -86.493994    17.568    -2621.5    -2553.4    10416.0      0.0      0.0      0.0 2014  6  8  3 25 26.000  1.9   1
      878  12.356201  -86.529932     2.827    -6530.0      875.4    -4324.2      0.0      0.0      0.0 2014  6  8  7 23 21.000  1.0   1
      879  12.492434  -86.669946    10.086   -21752.6    15946.0     2934.3      0.0      0.0      0.1 2014  6  8 22 30  1.000  1.5   1
      881  12.356912  -86.509692     5.035    -4328.7      954.0    -2115.8      0.0      0.0      0.0 2014  6  9  2  3 11.000  3.4   1
      882  12.374672  -86.528231    12.407    -6344.7     2918.8     5255.4      0.0      0.0      0.0 2014  6  9  2  9 44.000  2.7   1
      890  12.454181  -86.534351    14.773    -7009.7    11714.4     7620.8      0.0      0.0      0.0 2014  6 10  5 12 44.000  1.3   1
      892  12.333130  -86.574333     4.175   -11359.6    -1676.8    -2977.1      0.0      0.0      0.0 2014  6 11 16 32 45.000  1.0   1
      907  12.433660  -86.522070     1.083    -5674.3     9444.2    -6067.7      0.0      0.0      0.0 2014  6 15  2 22 59.000  1.0   1
      909  12.412121  -86.520980     2.707    -5556.4     7061.5    -4445.2      0.0      0.0      0.0 2014  6 15  5 11 55.000  1.0   1
      910  12.420775  -86.652083     1.810   -19812.8     8018.9    -5341.9      0.0      0.0      0.0 2014  6 15 11 52 44.000  1.7   1
      912  12.459968  -86.600317     7.041   -14182.7    12354.5     -110.7      0.0      0.0      0.0 2014  6 15 13  7 58.000  1.5   1
      918  12.340483  -86.489575     5.380    -2141.3     -863.4    -1772.3      0.0      0.0      0.0 2014  6 16 19 52 36.000  1.6   1
      921  12.371951  -86.461792     2.208      880.8     2617.7    -4944.1      0.0      0.0      0.0 2014  6 17  3  3 44.000  1.7   1
      922  12.389760  -86.450000     3.917     2162.8     4587.8    -3235.4      0.0      0.0      0.0 2014  6 17  3 18 30.000  1.5   1
      923  12.390988  -86.540422     3.173    -7670.8     4723.7    -3979.4      0.0      0.0      0.0 2014  6 17  7 42 42.000  1.0   1
      928  12.377639  -86.490527    17.114    -2244.2     3246.9     9961.8      0.0      0.0      0.0 2014  6 19  3 29 34.000  2.9   1
      933  12.344734  -86.497868     5.375    -3043.2     -393.2    -1776.3      0.0      0.0      0.0 2014  6 19 23 27 39.000  1.1   1
      935  12.369213  -86.513216    12.630    -4712.1     2314.8     5477.9      0.0      0.0      0.0 2014  6 20  3 55 56.000  2.4   1
      936  12.350902  -86.487174     4.997    -1880.1      289.2    -2154.4      0.0      0.0      0.0 2014  6 20  9 41 45.000  1.8   1
      940  12.392937  -86.497705     1.860    -3025.4     4939.3    -5291.1      0.0      0.0      0.0 2014  6 21  4 10 29.000  0.8   1
      943  12.362155  -86.502010     4.887    -3493.4     1534.0    -2263.6      0.0      0.0      0.0 2014  6 21  6 58 46.000  1.2   1
      944  12.361042  -86.468490     2.621      152.5     1410.9    -4530.6      0.0      0.0      0.0 2014  6 21 14  0 10.000  2.1   1
      946  12.349428  -86.481714     1.875    -1286.2      126.1    -5276.2      0.0      0.0      0.0 2014  6 22 20 43  1.000  2.2   1
      947  12.394941  -86.480721     1.414    -1178.2     5160.9    -5737.7      0.0      0.0      0.0 2014  6 23  6 24 34.000  1.3   1
      949  12.339843  -86.521004    11.913    -5559.2     -934.2     4761.2      0.0      0.0      0.0 2014  6 24  1 16  3.000  1.4   1
      951  12.384635  -86.518001     2.568    -5232.3     4020.9    -4582.9      0.0      0.0      0.0 2014  6 24  5 12 30.000  1.0   1
      952  12.400766  -86.509904     1.519    -4352.0     5805.3    -5632.7      0.0      0.0      0.0 2014  6 24  5 14 53.000  1.1   1
      956  12.493186  -86.649178     7.614   -19494.5    16029.3      462.4      0.0      0.0      0.0 2014  6 24 22 29 47.000  2.2   1
      958  12.486946  -86.623999     4.204   -16756.5    15338.9    -2948.3      0.0      0.0      0.0 2014  6 24 23 37 35.000  2.3   1
      959  12.482294  -86.641227     5.358   -18630.3    14824.3    -1793.6      0.0      0.0      0.0 2014  6 24 23 43 41.000  1.8   1
      960  12.458485  -86.638835     4.143   -18370.6    12190.4    -3009.0      0.0      0.0      0.0 2014  6 24 23 47 27.000  1.1   1
      962  12.446389  -86.667472     4.894   -21485.7    10852.3    -2257.1      0.0      0.0      0.0 2014  6 25  1  6 50.000  1.4   1
      963  12.490252  -86.630282     3.540   -17439.6    15704.6    -3612.2      0.0      0.0      0.0 2014  6 25  1 34 31.000  2.4   1
      964  12.470437  -86.640625     5.589   -18565.3    13512.6    -1562.0      0.0      0.0      0.0 2014  6 25  1 45  1.000  1.5   1
      965  12.459280  -86.629940     9.524   -17403.6    12278.4     2372.0      0.0      0.0      0.0 2014  6 25  2  9 12.000  0.9   1
      968  12.450612  -86.660441     5.948   -20720.6    11319.5    -1203.4      0.0      0.0      0.0 2014  6 25  6 26  7.000  0.7   1
      969  12.485499  -86.629354     5.186   -17339.2    15178.9    -1966.4      0.0      0.0      0.0 2014  6 25  9 25 58.000  1.7   1
      970  12.461995  -86.638843     2.325   -18371.3    12578.8    -4826.1      0.0      0.0      0.0 2014  6 25 11 12 17.000  1.5   1
      971  12.446441  -86.527035     1.800    -6213.7    10858.1    -5351.1      0.0      0.0      0.0 2014  6 26  6 12 51.000  0.9   1
      975  12.450101  -86.649683     2.227   -19550.9    11263.0    -4924.3      0.0      0.0      0.0 2014  6 26 10  6 35.000  0.9   1
      976  12.387406  -86.468563     4.820      144.0     4327.5    -2331.7      0.0      0.0      0.0 2014  6 26 12  3 31.000  1.0   1
      978  12.489248  -86.624455     3.868   -16806.2    15593.6    -3283.7      0.0      0.0      0.0 2014  6 26 20 51 57.000  1.9   1
      979  12.482761  -86.628223     5.928   -17216.4    14875.9    -1223.5      0.0      0.0      0.0 2014  6 28  5  9 48.000  1.9   1
      980  12.488177  -86.628923     5.866   -17292.0    15475.2    -1285.3      0.0      0.0      0.0 2014  6 28  5 25 42.000  1.8   1
      988  12.377320  -86.476115     1.474     -676.7     3211.7    -5677.0      0.0      0.0      0.0 2014  6 30 21 55 24.000  1.0   1
