        1  12.381168  -86.459928     2.376     1083.7     3637.3    -4775.6    235.1    403.1    277.6 2014  4 10 18 43 54.000  4.0   1
        2  12.346206  -86.535539     5.151    -7140.5     -230.3    -2000.2    113.6    138.9    119.0 2014  4 10 18 46  2.000  1.9   1
        5  12.417373  -86.526229     3.671    -6127.0     7642.4    -3481.2    258.2    436.9    158.2 2014  4 10 23 35  2.000  4.4   1
        6  12.346037  -86.552710     3.049    -9007.4     -249.1    -4102.2    134.8    139.5    132.4 2014  4 10 23 37 25.000  3.8   1
       12  12.335342  -86.455859     2.921     1525.8    -1432.1    -4230.5    282.2    229.1    157.5 2014  4 11  0  1 22.000  5.0   1
       13  12.346692  -86.448796     1.771     2294.1     -176.6    -5380.5     88.2    111.5     67.0 2014  4 11  0 12 13.000  3.6   1
       14  12.415351  -86.515942     4.409    -5008.5     7418.9    -2742.5    451.1    757.7    278.8 2014  4 11  0 28 46.000  5.0   1
       15  12.387135  -86.470703     5.507      -88.5     4297.4    -1643.7    192.4    280.0    162.5 2014  4 11  0 39 46.000  3.9   1
       17  12.404619  -86.460726     5.412      996.2     6231.7    -1739.5     92.0    124.2     98.9 2014  4 11  0 44 26.000  4.0   1
       19  12.398969  -86.607650     0.674   -14981.1     5606.5    -6477.0    196.1    175.3     93.9 2014  4 11  0 54 59.000  2.7   1
       24  12.342159  -86.454696    13.127     1652.1     -678.1     5974.6     33.5     39.8     75.5 2014  4 11  1 34 10.000  3.2   1
       25  12.449591  -86.550228     3.998    -8736.2    11206.6    -3152.9    282.9    236.7    176.9 2014  4 11  1 38  1.000  3.9   1
       26  12.368509  -86.482161     5.755    -1335.1     2236.9    -1396.5    240.7    388.7    136.9 2014  4 11  1 46 17.000  3.2   1
       30  12.436279  -86.477051     1.884     -778.8     9734.0    -5267.2    245.2    201.6    121.6 2014  4 11  2 11 18.000  2.4   1
       35  12.319578  -86.451782     8.347     1969.7    -3176.0     1195.6    217.5    254.8    841.6 2014  4 11  2 48 43.000  1.4   1
       44  12.406421  -86.484513    12.564    -1590.6     6430.9     5411.5     10.1     10.3     11.2 2014  4 11  3 49 57.000  3.9   1
       45  12.445926  -86.494922     4.064    -2722.4    10801.1    -3088.0     80.3    117.3     87.8 2014  4 11  4  3 25.000  3.1   1
       47  12.425159  -86.502336     4.740    -3528.7     8503.8    -2412.2    235.7    344.8    179.1 2014  4 11  4 27 29.000  2.5   1
       48  12.336178  -86.437174     3.111     3558.6    -1339.8    -4040.1    290.1    383.1    187.9 2014  4 11  4 35  9.000  3.1   1
       49  12.329095  -86.424984     2.757     4884.0    -2123.2    -4394.3    161.6    205.0     88.6 2014  4 11  5 20 13.000  2.7   1
       50  12.360912  -86.538818    23.326    -7496.4     1396.5    16174.2     29.0     32.0     58.7 2014  4 11  5 23 41.000  3.8   1
       53  12.306667  -86.434245     3.653     3876.7    -4604.3    -3498.1    115.8    134.4    112.4 2014  4 11  5 43 21.000  3.0   1
       71  12.349313  -86.435799    14.783     3708.0      113.5     7630.8     11.1     13.6     23.2 2014  4 11  9 11  1.000  3.3   1
       79  12.451409  -86.551115     5.789    -8832.8    11407.7    -1363.2    213.3    241.5    217.5 2014  4 11 10 33  7.000  2.3   1
       80  12.373967  -86.465218     4.545      508.3     2840.8    -2606.1    214.7    356.5    126.6 2014  4 11 10 52 20.000  2.8   1
       81  12.351350  -86.441406     1.989     3097.4      338.7    -5162.4    428.9    311.1    184.2 2014  4 11 11  4 50.000  2.7   1
       86  12.395109  -86.520833     3.034    -5540.5     5179.6    -4118.2    234.4    404.8    200.6 2014  4 11 11 45 31.000  3.0   1
       88  12.337723  -86.479142     1.930    -1006.4    -1168.8    -5220.9    329.2    410.9    111.1 2014  4 11 12 20 41.000  2.9   1
       91  12.393523  -86.462337     1.020      821.2     5004.1    -6130.9     86.3     80.0     57.5 2014  4 11 12 52 31.000  3.0   1
       97  12.333797  -86.470801     3.051      -99.2    -1603.1    -4101.4    220.6    265.5    183.9 2014  4 11 14 28  4.000  3.3   1
      100  12.394179  -86.515690     1.801    -4980.9     5076.7    -5349.6    216.8    169.4     99.7 2014  4 11 15 17 53.000  2.3   1
      101  12.409678  -86.528963     8.602    -6424.0     6791.3     1450.0    107.1    141.3    364.3 2014  4 11 15 23 19.000  2.2   1
      106  12.388210  -86.471501     5.441     -175.2     4416.3    -1709.8    267.1    439.8    187.2 2014  4 11 17  7 42.000  3.5   1
      107  12.457174  -86.627889     4.832   -17180.5    12045.4    -2320.1     69.3     79.6     70.6 2014  4 11 17 16 14.000  1.8   1
      109  12.380988  -86.479028     1.511     -994.1     3617.3    -5641.0     89.9    112.4     68.1 2014  4 11 18 17 18.000  4.4   1
      119  12.362274  -86.473014     4.459     -340.3     1547.2    -2693.3    193.6    320.0    182.8 2014  4 11 20  5 15.000  3.7   1
      120  12.305350  -86.433398     1.124     3968.7    -4750.0    -6027.1    302.4    371.2    203.9 2014  4 11 20  8 43.000  3.2   1
      128  12.399766  -86.494100     1.842    -2632.9     5694.7    -5309.3     90.8    122.7     70.1 2014  4 11 22 23 40.000  1.4   1
      129  12.494811  -86.585710     2.000   -12593.4    16209.0    -5151.4    330.8    284.1    221.6 2014  4 11 22 35 36.000  1.9   1
      134  12.266445  -86.440332     5.586     3215.4    -9053.8    -1565.3    132.4    141.3    131.8 2014  4 12  0 21 37.000  4.0   1
      136  12.426919  -86.513298    13.824    -4720.4     8698.4     6672.0      9.8     10.5     11.2 2014  4 12  2 30 43.000  2.8   1
      139  12.384503  -86.442399     2.756     2989.6     4006.3    -4396.4    160.0    154.2    151.6 2014  4 12  3 20 25.000  2.0   1
      142  12.359487  -86.484668     1.798    -1607.0     1238.9    -5353.1    331.0    326.9    172.7 2014  4 12  5  3 37.000  2.2   1
      143  12.373383  -86.507487     3.380    -4088.5     2776.1    -3771.8    294.0    300.4    192.1 2014  4 12  5 25 52.000  1.8   1
      146  12.307443  -86.450334     3.138     2127.2    -4518.4    -4014.1    268.9    275.1    122.9 2014  4 12  6 11 10.000  2.3   1
      147  12.459508  -86.570321     2.965   -10920.3    12303.7    -4187.1    246.1    285.2    253.1 2014  4 12  6 25 25.000  1.9   1
      149  12.396882  -86.506771     3.168    -4010.8     5375.7    -3984.5    249.5    292.5    211.2 2014  4 12  7  4 47.000  1.6   1
      153  12.329206  -86.421875     2.426     5222.5    -2110.9    -4725.7    319.1    388.4    333.6 2014  4 12  9 31 58.000  2.1   1
      157  12.325905  -86.418522     2.362     5586.7    -2476.1    -4789.5    328.8    294.4    298.4 2014  4 12 10 23 13.000  2.7   1
      162  12.439041  -86.497721     3.006    -3026.1    10039.4    -4146.4    224.3    546.2    193.9 2014  4 12 12 58  7.000  3.0   1
      165  12.351816  -86.512272     1.158    -4609.6      390.3    -5992.7     94.5    105.0     68.7 2014  4 12 14 17 50.000  2.8   1
      166  12.433268  -86.539404     0.994    -7559.2     9400.9    -6157.1    144.0    169.7     86.7 2014  4 12 14 49 26.000  1.7   1
      168  12.423982  -86.538143     4.899    -7422.7     8373.6    -2252.6    259.6    205.3    165.5 2014  4 12 17 54  5.000  2.6   1
      169  12.436791  -86.551701     3.922    -8896.5     9790.5    -3229.6    260.5    509.4    311.5 2014  4 12 18 16  2.000  2.2   1
      171  12.401127  -86.509855     2.045    -4346.2     5845.3    -5106.7    338.2    321.7    111.9 2014  4 12 19 55 48.000  2.6   1
      174  12.359974  -86.567716    11.491   -10639.1     1292.8     4338.5     25.6     28.1     56.0 2014  4 12 21 28 59.000  1.2   1
      183  12.315519  -86.476880     1.610     -760.6    -3625.1    -5540.9    352.4    516.2    226.0 2014  4 13  2  7 37.000  3.4   1
      184  12.400513  -86.541309    19.587    -7767.2     5777.4    12434.7     54.6     65.2     64.9 2014  4 13  2 18 34.000  1.7   1
      187  12.418130  -86.596842     2.980   -13805.5     7726.3    -4171.4    261.3    340.8    143.9 2014  4 13  3 12 12.000  2.0   1
      191  12.374302  -86.542619     4.159    -7909.5     2877.8    -2993.4    110.9    131.0    114.8 2014  4 13  4 18 53.000  1.4   1
      192  12.387386  -86.434375    12.969     3861.9     4325.2     5816.7     10.9     14.4     25.3 2014  4 13  4 21 32.000  1.8   1
      193  12.371559  -86.508325    13.408    -4180.2     2574.3     6256.0     25.9     30.5     54.5 2014  4 13  4 59  0.000  1.6   1
      196  12.351418  -86.458626     5.043     1225.1      346.2    -2108.7    211.1    281.0    181.1 2014  4 13  5 54 36.000  3.6   1
      197  12.355480  -86.559497     5.627    -9745.7      795.6    -1523.5    215.1    237.1    217.1 2014  4 13  6  5 48.000  1.4   1
      203  12.337659  -86.500033     5.488    -3278.9    -1175.9    -1663.1    290.5    315.1    130.8 2014  4 13  6 53 29.000  1.9   1
      204  12.358582  -86.476611     1.657     -730.8     1138.7    -5495.4     96.2    115.4     71.9 2014  4 13  7  0 40.000  2.1   1
      210  12.396245  -86.507536     5.307    -4094.3     5305.2    -1845.5    262.1    191.9    166.4 2014  4 13  7 57 47.000  3.6   1
      211  12.397820  -86.476074     3.802     -672.8     5479.4    -3349.5    316.9    441.6     93.5 2014  4 13  8 20 56.000  2.1   1
      214  12.424821  -86.473250     4.214     -365.5     8466.4    -2937.3    371.9    490.0    140.0 2014  4 13  8 32 35.000  2.4   1
      218  12.395133  -86.489681     3.749    -2152.6     5182.2    -3403.3    255.2    286.2    110.6 2014  4 13  9 54  4.000  2.7   1
      220  12.368172  -86.462354     4.793      819.8     2199.7    -2358.4    399.4    505.8    396.6 2014  4 13 10 29 34.000  2.4   1
      224  12.375672  -86.520483     4.991    -5502.3     3029.4    -2159.5    307.2    394.1    296.1 2014  4 13 13 50 42.000  2.6   1
      225  12.396076  -86.529907     4.256    -6527.1     5286.5    -2896.0    208.2    290.2    177.9 2014  4 13 14 46 27.000  3.6   1
      226  12.422318  -86.521322     3.152    -5593.2     8189.5    -4000.1    217.9    425.9    269.9 2014  4 13 14 51 52.000  2.4   1
      229  12.399365  -86.578190    11.873   -11777.5     5650.4     4721.2     16.5     17.8     20.7 2014  4 13 17 54 30.000  1.8   1
      235  12.339176  -86.412948     4.595     6192.9    -1007.9    -2557.2    191.6    233.2    203.3 2014  4 13 23 40 11.000  3.6   1
      239  12.357100  -86.477523     6.056     -830.7      974.9    -1094.5    285.8    247.4    194.9 2014  4 14  1 14 52.000  2.7   1
      249  12.274033  -86.436361     2.372     3646.9    -8214.4    -4780.1    105.4    130.3    110.7 2014  4 14  5 11  6.000  3.1   1
      250  12.306835  -86.422559     4.046     5148.1    -4585.7    -3105.5    219.2    299.6     82.3 2014  4 14  5 17  7.000  2.9   1
      252  12.297519  -86.429321     3.317     4412.9    -5616.3    -3835.0    177.8    262.5     89.7 2014  4 14  5 39 43.000  3.0   1
      253  12.282569  -86.454134     1.151     1713.7    -7270.0    -5999.7    108.5    135.1     82.1 2014  4 14  5 43 53.000  4.6   1
      254  12.323186  -86.441341     2.782     3105.5    -2776.8    -4368.6    169.1    208.9     75.9 2014  4 14  5 49 29.000  3.5   1
      255  12.239738  -86.340446    11.971    14081.0   -12008.3     4819.0     90.7     69.7     84.9 2014  4 14  5 54 58.000  2.5   1
      257  12.211358  -86.370752    11.547    10784.7   -15147.8     4395.1     59.0     76.6    145.0 2014  4 14  6  5 24.000  3.5   1
      261  12.220005  -86.360327    15.881    11919.2   -14191.2     8729.3     53.3     58.8     67.0 2014  4 14  6 31  1.000  2.9   1
      262  12.188545  -86.368636    15.663    11016.1   -17671.5     8510.8     21.2     22.0     23.8 2014  4 14  6 34 11.000  3.0   1
      270  12.259857  -86.459969     2.739     1078.7    -9782.6    -4413.3     19.4     19.8     18.9 2014  4 14  7 27 46.000  2.7   1
      272  12.508773  -86.531706     1.161    -6721.6    17753.5    -5990.5     30.8     60.0     25.0 2014  4 14  7 41 56.000  2.6   1
      273  12.191683  -86.351522    17.213    12878.0   -17324.4    10060.8     21.0     22.3     23.8 2014  4 14  7 51 33.000  2.5   1
      274  12.198308  -86.358504    14.939    12117.4   -16591.3     7787.0     55.6     59.7    126.7 2014  4 14  7 56 18.000  2.2   1
      276  12.382427  -86.451758     3.988     1971.7     3776.6    -3164.3     91.1    118.3     97.0 2014  4 14  8 32 35.000  2.6   1
      286  12.379075  -86.506877     4.452    -4022.4     3405.8    -2699.1    251.5    281.5    145.6 2014  4 14 10 14 24.000  2.8   1
      289  12.229585  -86.359302    14.020    12030.3   -13131.4     6868.4     60.5     60.0     80.0 2014  4 14 10 52 13.000  2.4   1
      291  12.343123  -86.426839     1.094     4682.6     -571.3    -6056.8    439.5    631.3    138.2 2014  4 14 11 32  4.000  3.0   1
      292  12.230492  -86.390487    16.070     8637.6   -13031.0     8918.0     65.3     70.9     74.9 2014  4 14 11 36 40.000  3.3   1
      295  12.279268  -86.430583     4.294     4275.9    -7635.2    -2857.3    176.9    154.5    158.2 2014  4 14 12 44 18.000  2.7   1
      296  12.360215  -86.486442     5.778    -1800.0     1319.5    -1373.2     88.4    107.8     92.4 2014  4 14 12 53 33.000  1.9   1
      300  12.282984  -86.429956     3.442     4343.7    -7224.1    -3710.5    274.1    341.5    127.0 2014  4 14 13 50 15.000  3.2   1
      301  12.163448  -86.463102    10.116      738.8   -20447.7     2965.4     76.0    126.0    243.1 2014  4 14 13 54 31.000  1.8   1
      308  12.415251  -86.481169     1.448    -1226.9     7407.7    -5702.9    284.3    332.7    228.8 2014  4 14 17 32 23.000  2.0   1
      314  12.295706  -86.539697    25.667    -7592.9    -5816.8    18515.0     76.6     73.9    122.7 2014  4 14 19 14 35.000  2.1   1
      332  12.269270  -86.529313     2.779    -6463.5    -8741.3    -4372.6     29.7     28.1     27.9 2014  4 15  1 12 47.000  1.3   1
      334  12.223756  -86.381885     4.304     9573.3   -13776.3    -2847.3    212.3    252.4     67.3 2014  4 15  2 15 48.000  1.9   1
      339  12.369951  -86.447567     5.474     2427.5     2396.4    -1677.3    256.7    335.6    162.7 2014  4 15  3 41 44.000  3.3   1
      348  12.126140  -86.413639     8.595     6120.7   -24574.9     1443.9     59.2    105.8    225.0 2014  4 15  7  4  5.000  3.5   1
      356  12.363527  -86.460970     5.115      970.4     1685.8    -2036.2    278.3    251.6    158.0 2014  4 15  9 27  5.000  1.5   1
      362  12.283136  -86.415259     5.443     5942.2    -7207.4    -1708.3    380.6    527.3    172.2 2014  4 15 12 48 12.000  3.3   1
      365  12.333179  -86.461141    19.337      951.3    -1671.4    12185.0    309.1    359.9   3117.6 2014  4 15 13 17 49.000  3.2   1
      367  12.386696  -86.576514     1.873   -11595.8     4248.9    -5278.8    197.5    190.3    127.8 2014  4 15 16 28 23.000  1.2   1
      370  12.449662  -86.502474     3.606    -3543.7    11214.5    -3545.8    388.9    518.1    268.2 2014  4 15 18 30 44.000  3.2   1
      371  12.434280  -86.515251     4.015    -4932.5     9512.9    -3135.7    279.4    309.8    234.9 2014  4 15 18 50  4.000  2.8   1
      372  12.443428  -86.450309     3.336     2129.5    10524.7    -3816.5    194.3    199.8    190.2 2014  4 15 19 42 44.000  2.6   1
      377  12.349624  -86.459741     5.486     1103.8      147.8    -1665.1    198.2    278.0    162.5 2014  4 16  3 18 32.000  3.8   1
      378  12.374736  -86.457715     5.101     1323.8     2925.8    -2050.0    166.3    420.4    232.6 2014  4 16  3 48 38.000  2.0   1
      381  12.380834  -86.457796     5.724     1315.4     3600.3    -1427.2    279.9    228.9    205.2 2014  4 16  5 21 52.000  2.3   1
      382  12.389064  -86.516325     3.761    -5050.1     4510.7    -3390.7    352.9    433.8    345.2 2014  4 16  5 25 14.000  2.0   1
      384  12.390312  -86.504924    84.502    -3809.9     4648.8    77351.3    365.9    506.4   3370.2 2014  4 16  7 19 52.000  1.8   1
      390  12.362116  -86.488729    24.784    -2048.7     1529.8    17632.1      4.8      5.8      5.6 2014  4 16 15 40  7.000  1.7   1
      398  12.135335  -86.448291     8.231     2350.1   -23557.7     1079.6     68.5     63.1     77.3 2014  4 16 22 44 53.000  2.8   1
      399  12.223408  -86.385962     3.676     9130.0   -13814.7    -3475.3    233.0    267.2     67.3 2014  4 16 22 53 26.000  1.8   1
      402  12.349670  -86.461841     5.723      875.6      153.0    -1428.5    139.3     94.1    104.3 2014  4 17  0 11 45.000  2.3   1
      411  12.327400  -86.542464    24.321    -7893.5    -2310.7    17168.6      8.3      8.5     14.1 2014  4 17  6 44 21.000  2.2   1
      423  12.364817  -86.432707     2.431     4043.5     1828.6    -4719.7     91.7    116.0     97.0 2014  4 17 15 45  8.000  3.0   1
      429  12.120776  -86.445947     8.199     2604.8   -25168.3     1046.6     59.7     61.6     76.9 2014  4 17 22 32 17.000  3.7   1
      431  12.355570  -86.539632    23.550    -7585.3      805.7    16397.5      4.9      5.1      5.2 2014  4 17 23  6 21.000  1.4   1
      434  12.353489  -86.469653     2.683       25.4      575.4    -4467.8    377.2    253.3    221.7 2014  4 18  0 19  5.000  3.9   1
      436  12.299672  -86.458358     2.027     1254.0    -5378.1    -5123.7    278.3    253.6    183.5 2014  4 18  1 37 53.000  2.8   1
      438  12.389207  -86.511825    14.306    -4560.8     4526.6     7153.8    189.2    243.0    802.0 2014  4 18  3 42 53.000  2.8   1
      445  12.362696  -86.472087     4.641     -238.8     1593.9    -2509.7    320.5    854.4    559.9 2014  4 18 12  5 17.000  2.5   1
      446  12.341455  -86.449976     4.431     2166.1     -755.9    -2720.9    316.4    382.0    173.4 2014  4 18 12 21 58.000  4.4   1
      447  12.365266  -86.502995     0.496    -3600.4     1878.2    -6655.3    291.1    298.5    104.1 2014  4 18 12 26 45.000  3.7   1
      452  12.315557  -86.457194     4.462     1381.0    -3620.9    -2690.1    140.5    166.0    145.5 2014  4 18 16 51 38.000  2.2   1
      453  12.388964  -86.494222     4.713    -2646.3     4499.8    -2437.7    206.6    283.8    110.5 2014  4 18 17 21 29.000  3.0   1
      458  12.311046  -86.638973    18.643   -18391.4    -4119.8    11490.9     30.0     25.9     37.6 2014  4 19  1 11 29.000  1.1   1
      462  12.434199  -86.536084     2.228    -7198.2     9503.9    -4924.0     73.2    102.7     79.3 2014  4 19  6 40 24.000  1.4   1
      463  12.347747  -86.563574     4.790   -10189.1      -59.9    -2361.7    446.7    462.9    438.9 2014  4 19  6 59  8.000  1.2   1
      464  12.254626  -86.496574     1.557    -2903.1   -10361.3    -5594.8     30.4     27.6     20.0 2014  4 19  7  6 33.000  1.7   1
      467  12.375072  -86.481999    14.003    -1316.8     2963.0     6851.0     11.1     13.7     23.5 2014  4 19  8 28 53.000  1.4   1
      470  12.343970  -86.487720     1.047    -1939.2     -477.7    -6103.6    288.1    365.0    107.7 2014  4 19 13 44 28.000  3.9   1
      472  12.399626  -86.491504     4.052    -2350.2     5679.2    -3100.2     97.2    124.5    103.1 2014  4 19 14 33 32.000  2.4   1
      473  12.406859  -86.554248     1.949    -9174.1     6479.4    -5202.7    204.1    266.5     64.5 2014  4 19 17 40 17.000  1.9   1
      474  12.389465  -86.516431     5.476    -5061.4     4555.2    -1675.4    215.8    301.1    162.4 2014  4 19 18 18 15.000  4.0   1
      476  12.396022  -86.553516     4.969    -9094.8     5280.5    -2182.9    185.1    220.7    172.7 2014  4 19 19  9 45.000  1.6   1
      480  12.368689  -86.537321    17.545    -7333.3     2256.9    10393.2     26.4     27.2     29.6 2014  4 20  0 27 38.000  2.6   1
      481  12.372910  -86.509717    22.887    -4331.6     2723.8    15735.3      4.4      5.4      9.7 2014  4 20  3 34 39.000  2.3   1
      483  12.366817  -86.468099     4.892      194.7     2049.7    -2260.4    226.3    193.7    123.8 2014  4 20  4 24  4.000  2.9   1
      487  12.461151  -86.550399     3.918    -8754.2    12485.4    -3233.4    212.2    242.6    217.2 2014  4 20  9 23 20.000  2.9   1
      489  12.370862  -86.515446     5.808    -4954.4     2497.2    -1343.9    170.6    173.5    166.2 2014  4 20 11 43 41.000  2.5   1
      492  12.404505  -86.501416     3.094    -3428.2     6219.0    -4058.4    206.0    286.3    181.4 2014  4 20 14 42 22.000  3.0   1
      496  12.397626  -86.550594     1.945    -8776.7     5458.0    -5205.8    100.6    124.2     75.8 2014  4 21  0 15 54.000  1.5   1
      497  12.237880  -86.419189     1.024     5515.7   -12213.8    -6128.0     19.7     19.5     13.6 2014  4 21  3 35 51.000  1.4   1
      498  12.364343  -86.576237    11.459   -11566.1     1776.1     4307.0     25.7     28.0     55.3 2014  4 21  5 14 36.000  1.6   1
      499  12.388778  -86.495410     5.503    -2775.5     4479.1    -1647.7    130.9    171.4    139.8 2014  4 21  5 29 39.000  1.3   1
      506  12.443425  -86.551750     2.156    -8901.9    10524.5    -4996.2     87.4    114.4     93.3 2014  4 21 15 45 38.000  1.4   1
      507  12.375913  -86.547030     1.664    -8389.6     3056.0    -5486.6     91.8    102.9     67.0 2014  4 21 15 53 33.000  1.4   1
      511  12.276820  -86.540715    25.277    -7704.1    -7906.1    18125.3     70.0     65.5    116.7 2014  4 22  0 18  8.000  2.4   1
      513  12.384139  -86.471867    15.761     -215.3     3965.9     8608.9     11.1     14.1     21.5 2014  4 22  4 14 50.000  2.6   1
      514  12.432865  -86.494604     5.083    -2687.2     9356.3    -2067.7    269.1    470.6    314.4 2014  4 22  4 18 39.000  5.2   1
      520  12.478741  -86.529451    14.225    -6476.0    14431.3     7072.9      3.0      4.5      5.6 2014  4 22  4 35 43.000  2.1   1
      521  12.481213  -86.560612    17.855    -9865.0    14704.7    10703.0      3.0      4.4      4.6 2014  4 22  4 41 24.000  1.4   1
      526  12.391845  -86.561450     2.606    -9957.7     4818.5    -4545.6    166.8    188.8    170.1 2014  4 22  6 23 28.000  1.3   1
      529  12.421580  -86.539119    12.518    -7528.2     8107.8     5365.8     15.1     21.4     21.2 2014  4 22  8 46 49.000  1.3   1
      540  12.332433  -86.503312    23.983    -3635.4    -1754.0    16830.6     54.2     63.8    124.5 2014  4 23  1 11 56.000  2.0   1
      541  12.336322  -86.480029    16.135    -1102.5    -1323.8     8983.0     63.9     68.3    120.1 2014  4 23  1 33 26.000  2.0   1
      545  12.362755  -86.516455     3.347    -5064.2     1600.4    -3805.2    240.5    398.5    247.8 2014  4 23  4  4 13.000  2.8   1
      546  12.384563  -86.471965     5.918     -225.7     4012.9    -1233.4    201.0    276.5    181.6 2014  4 23  4 44 44.000  4.1   1
      552  12.358832  -86.486678     2.312    -1826.1     1166.4    -4838.9    338.0    208.7    200.2 2014  4 23 15 12 21.000  2.1   1
      555  12.396375  -86.493555    16.558    -2574.0     5319.6     9406.3     48.8     62.3     85.6 2014  4 23 20  2 48.000  2.9   1
      560  12.357289  -86.461613     3.247      900.5      995.7    -3905.2    213.3    281.1    178.2 2014  4 24  3 35 53.000  3.3   1
      563  12.383407  -86.479240     1.231    -1016.7     3885.0    -5919.6    327.9    326.2    141.3 2014  4 24  7 10 59.000  2.1   1
      565  12.376801  -86.518848    15.167    -5324.5     3154.2     8014.7     49.0     60.4     90.5 2014  4 24  9 10 60.000  1.6   1
      568  12.342991  -86.491479    14.612    -2348.2     -585.9     7459.7     71.8     84.3    143.6 2014  4 24  9 25 49.000  1.7   1
      570  12.407436  -86.488021     4.726    -1971.7     6543.2    -2424.5    201.9    284.5    181.5 2014  4 24  9 38 56.000  3.2   1
      573  12.382102  -86.474609    14.848     -513.6     3740.7     7696.3    146.3    296.6    473.6 2014  4 24 21 25  8.000  1.6   1
      574  12.353226  -86.527930    25.117    -6312.3      546.2    17964.7      4.9      5.3      5.1 2014  4 24 22 12  2.000  1.7   1
      578  12.408220  -86.520565    19.375    -5510.8     6630.0    12223.5      6.4      8.9      7.0 2014  4 25  2 32 58.000  1.5   1
      584  12.362151  -86.495321     4.883    -2765.7     1533.6    -2267.9    276.2    226.3    175.8 2014  4 25 14 20 29.000  2.5   1
      594  12.341652  -86.461206     2.675      944.4     -734.0    -4475.5    209.3    385.1    193.1 2014  4 26  9 33  5.000  3.6   1
      599  12.375600  -86.473901     1.746     -436.4     3021.4    -5406.4    335.7    357.3    138.8 2014  4 27  2  6 25.000  3.2   1
      602  12.351733  -86.538550    19.339    -7467.2      381.2    12187.1     70.7     72.8     73.1 2014  4 27 14 33 38.000  2.0   1
      604  12.280468  -86.517773    16.839    -5208.5    -7502.6     9686.6    108.1     55.6    181.3 2014  4 27 16  4 34.000  2.8   1
      605  12.294429  -86.532454    18.323    -6805.5    -5958.1    11171.2    115.8     57.2    167.3 2014  4 27 18 51 48.000  1.6   1
      607  12.338277  -86.479427     5.929    -1037.2    -1107.5    -1221.8    266.7    483.8    243.5 2014  4 28  4  0 48.000  3.3   1
      609  12.380968  -86.468107     4.646      194.1     3615.2    -2505.4    210.0    282.4    182.8 2014  4 28  9 42 22.000  3.0   1
      614  12.329762  -86.549788     1.955    -8690.3    -2049.5    -5195.8    155.4    165.3    110.9 2014  4 28 17 19 33.000  1.1   1
      616  12.363336  -86.577091     4.709   -11659.4     1664.7    -2441.8    122.6    133.2    123.0 2014  4 28 22 13 19.000  1.5   1
      619  12.370103  -86.484977     3.763    -1641.1     2413.2    -3389.1    234.6    343.3    169.3 2014  4 29  2 29 36.000  1.6   1
      620  12.303768  -86.499780    19.682    -3251.3    -4925.0    12530.2    322.9    337.4    364.0 2014  4 29  3 43 18.000  2.6   1
      627  12.388671  -86.514746     4.439    -4878.6     4467.3    -2713.5    212.3    180.1    133.1 2014  4 30  0 51 51.000  2.5   1
      630  12.407485  -86.561190     5.290    -9928.9     6548.6    -1862.1    346.8    495.7    178.1 2014  4 30  6 25 41.000  1.6   1
      631  12.262937  -86.484847     5.904    -1627.0    -9441.9    -1248.1     19.2     20.1     19.0 2014  4 30  8 15 49.000  2.6   1
      634  12.397432  -86.512118     4.424    -4592.3     5436.6    -2728.0    368.7    635.1    231.3 2014  4 30 22 47 47.000  1.1   1
      635  12.394016  -86.488094    13.561    -1979.6     5058.5     6409.4     48.9     61.1    100.9 2014  5  1  1  8  7.000  1.9   1
      639  12.419271  -86.523503    17.411    -5830.4     7852.4    10258.9     85.0    109.3    128.2 2014  5  1 10  8 54.000  1.5   1
      644  12.318527  -86.509530    24.467    -4311.8    -3292.3    17315.3     72.9     76.8    136.0 2014  5  1 13 47 35.000  1.9   1
      647  12.328929  -86.467367     2.194      274.8    -2141.6    -4956.9    403.1    537.7    173.8 2014  5  1 14 11  5.000  3.1   1
      648  12.402148  -86.530290     2.346    -6568.9     5958.3    -4806.0    206.2    363.2    166.6 2014  5  1 17 49 55.000  3.5   1
      651  12.439322  -86.491813    17.141    -2383.8    10070.6     9988.8     82.8    117.5    140.8 2014  5  1 23  7 14.000  1.5   1
      652  12.420361  -86.489445    11.385    -2126.9     7973.1     4232.9     68.5    109.9    123.0 2014  5  2  0  8 24.000  2.0   1
      653  12.369100  -86.482886    12.681    -1413.8     2302.4     5529.3     25.6     31.0     59.0 2014  5  2  0 37  1.000  1.4   1
      654  12.384966  -86.600260     1.426   -14178.4     4057.5    -5725.0    118.3    130.3     85.7 2014  5  2  0 48 23.000  1.2   1
      658  12.297251  -86.449520     2.804     2215.9    -5645.8    -4347.7    208.1    216.4    202.4 2014  5  2  2 48 41.000  3.6   1
      659  12.356927  -86.491048     4.118    -2301.1      955.7    -3033.9    328.2    359.3    171.7 2014  5  2  3 31  6.000  2.3   1
      663  12.369618  -86.520011     5.963    -5451.0     2359.6    -1188.8    242.9    347.9    137.6 2014  5  2  4 21 56.000  3.9   1
      664  12.382833  -86.523820     3.567    -5865.3     3821.5    -3585.2    284.5    183.8    172.8 2014  5  2  4 25 22.000  2.4   1
      670  12.433448  -86.524300     3.914    -5916.5     9420.8    -3237.1    299.3    614.1    366.6 2014  5  2  5 25 28.000  2.2   1
      674  12.426843  -86.550146     4.812    -8727.2     8690.1    -2339.8    110.4     92.9     79.8 2014  5  2 13 10 52.000  1.2   1
      676  12.347403  -86.539958     4.785    -7620.7      -97.9    -2367.0   1145.9   1369.8    348.2 2014  5  2 19 37 16.000  1.5   1
      682  12.421742  -86.492212    19.792    -2427.7     8125.7    12639.6      6.2     10.0      7.2 2014  5  4  3 42  5.000  1.1   1
      684  12.435283  -86.494963     3.589    -2726.6     9623.9    -3562.5    337.2    355.7    323.9 2014  5  4  7 36  2.000  1.3   1
      686  12.387569  -86.560563     2.272    -9860.8     4345.4    -4879.4    174.4    208.7    150.5 2014  5  4 12 13  7.000  0.8   1
      687  12.386078  -86.568001     2.113   -10669.9     4180.4    -5038.0    166.4    193.7    171.4 2014  5  4 12 44  5.000  1.0   1
      689  12.434864  -86.537459    12.946    -7348.1     9577.4     5794.2    329.8    462.4    672.5 2014  5  5 12 36 11.000  1.7   1
      696  12.381490  -86.523364    27.900    -5815.5     3673.0    20748.2     29.0     34.1     42.7 2014  5  6 12 43 47.000  1.3   1
      697  12.458880  -86.542871     3.526    -7935.9    12234.1    -3626.3     78.8    120.3     86.8 2014  5  7  0 21 38.000  1.1   1
      703  12.445747  -86.503719     4.944    -3679.1    10781.3    -2206.8    337.4    350.0    324.5 2014  5  7 12 53 30.000  1.4   1
      704  12.390162  -86.517977    17.363    -5229.4     4632.3    10210.5     51.2     63.7     85.5 2014  5  7 15 35 29.000  1.7   1
      705  12.259175  -86.470313     3.143      -46.4    -9858.1    -4008.3     19.1     20.3     19.0 2014  5  7 23 19 50.000  2.0   1
      706  12.350232  -86.586222     3.952   -12652.6      215.1    -3199.8    177.3    173.9    169.8 2014  5  8  3  5 38.000  1.7   1
      709  12.395362  -86.538688    15.085    -7481.8     5207.6     7933.2     26.1     27.6     29.6 2014  5  8  6 59 40.000  2.3   1
      711  12.343899  -86.586426    14.829   -12675.1     -485.6     7676.8    190.5    160.0    196.7 2014  5  8 16 25  6.000  1.5   1
      715  12.391742  -86.504460     2.154    -3759.7     4807.0    -4997.5    101.7    137.0    102.3 2014  5  9  4 29 37.000  1.0   1
      719  12.319242  -86.497786     5.163    -3034.5    -3213.2    -1989.0    234.0    279.0    243.1 2014  5  9 10 29 52.000  1.2   1
      725  12.513189  -86.554150     1.839    -9161.5    18242.0    -5311.9     30.9     59.5     25.0 2014  5 10 18 21 44.000  1.9   1
      730  12.449448  -86.483488     2.842    -1478.7    11190.7    -4310.0    210.9    336.0    233.6 2014  5 12  4 58 19.000  2.2   1
      734  12.365507  -86.577865     2.092   -11743.1     1904.9    -5059.0    260.9    257.6    253.7 2014  5 13  6 41 22.000  1.5   1
      736  12.351097  -86.439486     3.517     3306.6      310.6    -3634.6    211.7    204.5    118.2 2014  5 14 11 16 34.000  2.8   1
      741  12.339459  -86.540584     5.432    -7689.1     -976.7    -1719.7     77.6    231.8    147.7 2014  5 15 13 53 17.000  1.3   1
      742  12.414162  -86.529785     3.990    -6513.1     7287.3    -3162.1    314.6    579.6    197.1 2014  5 15 14  7 54.000  1.6   1
      745  12.440770  -86.600562     2.026   -14209.9    10230.8    -5125.2    140.9    166.0    145.8 2014  5 15 23  4 46.000  0.8   1
      746  12.399130  -86.579370     6.626   -11905.9     5624.4     -525.3     65.7     77.8   1842.0 2014  5 16  3 37 35.000  1.3   1
      747  12.341472  -86.578581     5.724   -11822.0     -753.9    -1427.2    156.9    162.4    154.1 2014  5 16  4 29 29.000  1.0   1
      749  12.417464  -86.483504     4.794    -1480.6     7652.6    -2357.6     88.9    119.8     95.2 2014  5 16 14 44 51.000  2.3   1
      750  12.429804  -86.609342     7.899   -15165.0     9017.7      747.1      8.7     10.5     29.0 2014  5 16 15 10 34.000  1.2   1
      753  12.413147  -86.543823     3.711    -8040.6     7174.9    -3440.8    339.5    399.1    239.7 2014  5 16 17 17 41.000  1.6   1
      754  12.410521  -86.550342     4.754    -8749.0     6884.5    -2398.1    188.3    217.0    181.1 2014  5 16 18  2 38.000  1.3   1
      755  12.410898  -86.576457     1.130   -11589.0     6926.2    -6020.9    499.3    570.8    146.6 2014  5 16 19  2  2.000  1.2   1
      764  12.378493  -86.588778     4.860   -12930.1     3341.4    -2291.7    143.8    158.3    145.0 2014  5 20  9 23  1.000  1.6   1
      765  12.354794  -86.552393    25.314    -8972.8      719.7    18162.3      4.6      5.1      7.3 2014  5 20 11 20 25.000  1.7   1
      767  12.311272  -86.601261    16.414   -14289.4    -4094.8     9262.5     28.2     26.4     42.3 2014  5 20 19 26 35.000  1.4   1
      769  12.399831  -86.519914     2.990    -5440.2     5701.9    -4161.9    198.4    244.8    208.4 2014  5 20 22 20 27.000  1.2   1
      770  12.355495  -86.499390    16.693    -3208.2      797.3     9540.6     61.0     61.5    198.6 2014  5 20 23  2 34.000  1.9   1
      771  12.387310  -86.485661     3.167    -1715.1     4316.8    -3984.7    232.9    230.2    223.6 2014  5 21  1 26 21.000  1.1   1
      773  12.360257  -86.530078    16.861    -6545.7     1324.0     9708.8     83.7     84.3    113.5 2014  5 21 19 53 36.000  2.0   1
      777  12.369377  -86.476904     5.699     -763.3     2332.9    -1451.9    206.4    279.3    180.9 2014  5 22  0 27 38.000  3.6   1
      779  12.275890  -86.552743    21.399    -9012.8    -8009.0    14246.8     70.0     64.1    207.7 2014  5 22  0 43 36.000  1.4   1
      786  12.395987  -86.498942     4.506    -3159.7     5276.6    -2645.2    277.5    286.3    166.6 2014  5 22  4 11 10.000  1.8   1
      787  12.406844  -86.564266     3.408   -10263.3     6477.7    -3743.8    184.0    168.2    137.0 2014  5 22 12  8  7.000  1.2   1
      789  12.339481  -86.499398     4.525    -3209.8     -974.3    -2625.9     85.8     82.8     81.3 2014  5 24  0 28 57.000  2.8   1
      791  12.441668  -86.511027     1.386    -4473.5    10330.0    -5765.6    249.5    270.2    179.5 2014  5 25  1 29 31.000  1.8   1
      792  12.408394  -86.515153     2.367    -4922.6     6649.2    -4785.0    220.3    194.7    135.4 2014  5 25  2 32 48.000  1.4   1
      793  12.361403  -86.490780     1.442    -2271.8     1450.9    -5709.0     90.4    106.7     67.2 2014  5 25 16 48 49.000  2.7   1
      796  12.411314  -86.513607     0.682    -4754.6     6972.2    -6469.1    342.4    383.0    132.8 2014  5 25 17 40  6.000  2.7   1
      800  12.398451  -86.531836     0.976    -6736.4     5549.2    -6175.0    160.5    204.7     87.3 2014  5 26  3 50  5.000  1.2   1
      802  12.386103  -86.577165     5.675   -11666.9     4183.3    -1476.1    212.9    243.8    218.0 2014  5 26  4 32 28.000  1.3   1
      804  12.386430  -86.553630     4.892    -9106.8     4219.4    -2259.6     95.2    106.6     96.6 2014  5 26  6 30 16.000  1.4   1
      808  12.399550  -86.549740     3.969    -8683.9     5670.9    -3182.9    100.3    124.6    105.5 2014  5 26  9 17 32.000  1.3   1
      812  12.382222  -86.551603     8.158    -8886.7     3754.0     1006.6    104.5    123.1   3190.4 2014  5 26 13 34 53.000  1.9   1
      814  12.439411  -86.520516     3.854    -5505.1    10080.4    -3296.8    258.5    391.0    274.3 2014  5 27  0 12 44.000  3.1   1
      819  12.339153  -86.546151    14.691    -8294.7    -1010.5     7539.3    168.1    162.1    206.1 2014  5 28  6 55  5.000  2.2   1
      823  12.443784  -86.499691    11.650    -3240.7    10564.1     4497.8     68.3    127.2    115.8 2014  5 29  5 57 18.000  1.8   1
      831  12.349941  -86.495483    19.769    -2783.5      182.9    12617.2     65.9     79.2     78.4 2014  5 31  1 40 23.000  2.5   1
      850  12.426961  -86.544515     3.903    -8115.0     8703.2    -3247.5    228.2    372.1    139.0 2014  6  2  3 18 57.000  1.3   1
      852  12.360403  -86.506836    18.166    -4018.5     1340.2    11014.2     11.5     13.3     19.1 2014  6  3  4 14 11.000  1.6   1
      857  12.477953  -86.553215     1.690    -9060.0    14344.1    -5461.0     79.3    116.5     62.3 2014  6  4  7  8 12.000  1.3   1
      862  12.376316  -86.586589     5.637   -12691.2     3100.6    -1513.8    172.2    180.3    170.0 2014  6  5  6 31 31.000  1.0   1
      864  12.393844  -86.511548    13.664    -4530.8     5039.6     6511.6     43.9     57.7     62.9 2014  6  5 23 20  2.000  1.6   1
      865  12.383500  -86.512134     4.796    -4594.2     3895.4    -2354.5    217.6    223.3    212.9 2014  6  6  3 28 42.000  2.3   1
      866  12.349980  -86.487012     5.235    -1862.1      187.1    -1916.7    225.4    481.1    317.3 2014  6  8  2 14 29.000  4.0   1
      867  12.369757  -86.487834     5.376    -1951.2     2375.0    -1775.2    205.6    292.6    162.3 2014  6  8  2 17 49.000  3.2   1
      868  12.394262  -86.535824     0.873    -7170.3     5085.8    -6278.4     76.7     90.2     40.7 2014  6  8  2 23 19.000  1.0   1
      870  12.338276  -86.484058    24.605    -1540.6    -1107.5    17452.8     54.2     64.2    118.7 2014  6  8  2 34 13.000  1.7   1
      871  12.326860  -86.554346    22.553    -9186.2    -2370.5    15401.5      8.4      8.3     17.0 2014  6  8  2 40 47.000  2.0   1
      873  12.343543  -86.475260    15.932     -583.8     -524.8     8780.0     34.0     39.4     63.2 2014  6  8  3 21 25.000  2.0   1
      874  12.325207  -86.493994    17.568    -2621.5    -2553.4    10416.0     48.5     53.5     84.2 2014  6  8  3 25 26.000  1.9   1
      878  12.356131  -86.529997     2.820    -6537.5      867.6    -4331.4    256.8    260.9    250.0 2014  6  8  7 23 21.000  1.0   1
      879  12.492433  -86.669946    10.087   -21752.5    15945.9     2934.6    617.7    746.1   1196.4 2014  6  8 22 30  1.000  1.5   1
      881  12.356887  -86.509676     5.033    -4326.8      951.2    -2117.9    368.7    424.3    258.8 2014  6  9  2  3 11.000  3.4   1
      882  12.374673  -86.528231    12.407    -6344.7     2918.9     5255.2     44.2     51.0     65.6 2014  6  9  2  9 44.000  2.7   1
      890  12.454180  -86.534351    14.773    -7009.7    11714.2     7620.9    119.5    224.1    148.3 2014  6 10  5 12 44.000  1.3   1
      891  12.449146  -86.541382     3.392    -7773.7    11157.3    -3759.9    190.7    261.8    205.8 2014  6 11  0  5 43.000  1.4   1
      892  12.333131  -86.574333     4.175   -11359.6    -1676.8    -2977.0    156.6    162.4    153.8 2014  6 11 16 32 45.000  1.0   1
      907  12.433600  -86.522038     1.081    -5670.6     9437.5    -6069.9    110.1    148.4     85.0 2014  6 15  2 22 59.000  1.0   1
      909  12.412108  -86.520980     2.706    -5555.7     7060.1    -4446.0    155.9    217.5    169.0 2014  6 15  5 11 55.000  1.0   1
      910  12.420775  -86.652083     1.810   -19812.9     8018.9    -5341.9    108.5    128.2     80.7 2014  6 15 11 52 44.000  1.7   1
      912  12.459968  -86.600317     7.041   -14182.7    12354.5     -110.8      8.4     11.5     38.4 2014  6 15 13  7 58.000  1.5   1
      918  12.340362  -86.489591     5.377    -2143.2     -876.9    -1774.7     88.7    237.9    101.4 2014  6 16 19 52 36.000  1.6   1
      921  12.372594  -86.461808     2.199      879.3     2688.8    -4952.7     57.8    326.9    137.9 2014  6 17  3  3 44.000  1.7   1
      922  12.389798  -86.450000     3.917     2162.9     4592.1    -3235.5    163.7    190.9    109.4 2014  6 17  3 18 30.000  1.5   1
      923  12.391082  -86.540324     3.166    -7660.0     4734.0    -3985.6    351.4    292.4    203.5 2014  6 17  7 42 42.000  1.0   1
      928  12.377639  -86.490527    17.114    -2244.2     3246.9     9961.8     50.6     65.1     88.8 2014  6 19  3 29 34.000  2.9   1
      933  12.344714  -86.497892     5.372    -3046.1     -395.3    -1778.5    114.7     99.9    100.3 2014  6 19 23 27 39.000  1.1   1
      935  12.369213  -86.513216    12.630    -4712.1     2314.8     5477.8    102.6    125.4    224.4 2014  6 20  3 55 56.000  2.4   1
      936  12.350903  -86.487174     4.997    -1880.0      289.4    -2154.3     72.7     70.9     69.3 2014  6 20  9 41 45.000  1.8   1
      938  12.347823  -86.515267     4.862    -4934.9      -51.4    -2289.0    145.4    158.2    145.9 2014  6 20 20 47 11.000  2.0   1
      939  12.320185  -86.470150     1.996      -28.7    -3108.8    -5155.0    141.2    157.7    143.2 2014  6 21  0 33  5.000  1.3   1
      940  12.392930  -86.497705     1.859    -3024.6     4938.5    -5291.5    177.3    181.6    125.7 2014  6 21  4 10 29.000  0.8   1
      943  12.362405  -86.502189     4.866    -3513.2     1561.7    -2284.9    222.4    334.4    257.2 2014  6 21  6 58 46.000  1.2   1
      944  12.361044  -86.468514     2.622      149.9     1411.2    -4529.6    193.1    254.8     79.0 2014  6 21 14  0 10.000  2.1   1
      946  12.349483  -86.481763     1.874    -1291.2      132.2    -5277.2    135.4    224.0     88.6 2014  6 22 20 43  1.000  2.2   1
      947  12.394995  -86.480754     1.416    -1181.2     5167.0    -5735.9     79.0    112.9     61.8 2014  6 23  6 24 34.000  1.3   1
      949  12.339845  -86.521004    11.912    -5559.4     -934.0     4760.4     25.4     28.8     58.3 2014  6 24  1 16  3.000  1.4   1
      951  12.384652  -86.518009     2.569    -5233.4     4022.7    -4581.6     97.7    123.0    103.2 2014  6 24  5 12 30.000  1.0   1
      952  12.400681  -86.509945     1.515    -4355.7     5795.9    -5637.0    316.6    239.2    164.6 2014  6 24  5 14 53.000  1.1   1
      956  12.493185  -86.649178     7.615   -19494.5    16029.2      462.5    146.4    286.2    245.3 2014  6 24 22 29 47.000  2.2   1
      958  12.486945  -86.623999     4.204   -16756.4    15338.8    -2948.1     41.0     90.8     39.5 2014  6 24 23 37 35.000  2.3   1
      959  12.482292  -86.641227     5.358   -18630.0    14824.1    -1793.6     68.6    118.4     82.8 2014  6 24 23 43 41.000  1.8   1
      960  12.458486  -86.638835     4.143   -18370.7    12190.6    -3009.1     63.3     73.9     61.1 2014  6 24 23 47 27.000  1.1   1
      962  12.446388  -86.667472     4.894   -21485.6    10852.2    -2257.2    129.4    127.7    109.5 2014  6 25  1  6 50.000  1.4   1
      963  12.490251  -86.630282     3.540   -17439.6    15704.5    -3612.1     60.5    108.0     70.7 2014  6 25  1 34 31.000  2.4   1
      964  12.470437  -86.640625     5.589   -18565.3    13512.6    -1562.1     76.3     91.3     79.3 2014  6 25  1 45  1.000  1.5   1
      965  12.459280  -86.629940     9.524   -17403.7    12278.4     2371.7    279.8    383.6    766.3 2014  6 25  2  9 12.000  0.9   1
      968  12.450611  -86.660441     5.948   -20720.6    11319.4    -1203.3     57.0     68.0     59.2 2014  6 25  6 26  7.000  0.7   1
      969  12.485497  -86.629354     5.186   -17339.3    15178.6    -1966.5     41.4    114.9     42.2 2014  6 25  9 25 58.000  1.7   1
      970  12.462000  -86.638843     2.325   -18371.5    12579.3    -4826.2     58.2    111.8     54.0 2014  6 25 11 12 17.000  1.5   1
      971  12.446410  -86.527018     1.799    -6212.2    10854.7    -5352.1     78.4    116.1     61.7 2014  6 26  6 12 51.000  0.9   1
      975  12.450128  -86.649674     2.226   -19549.9    11266.0    -4925.1    235.8    125.5    179.8 2014  6 26 10  6 35.000  0.9   1
      976  12.387394  -86.468555     4.819      144.8     4326.1    -2332.6     74.5    101.1     80.2 2014  6 26 12  3 31.000  1.0   1
      978  12.489253  -86.624455     3.868   -16806.3    15594.1    -3283.7     51.9     96.0     98.0 2014  6 26 20 51 57.000  1.9   1
      979  12.482759  -86.628223     5.928   -17216.4    14875.8    -1223.4     55.8    111.6     72.0 2014  6 28  5  9 48.000  1.9   1
      980  12.488176  -86.628923     5.866   -17292.0    15475.1    -1285.4     61.0     79.8     65.1 2014  6 28  5 25 42.000  1.8   1
      988  12.377319  -86.476123     1.474     -677.8     3211.6    -5677.5    225.0    451.8    155.0 2014  6 30 21 55 24.000  1.0   1
