       42  12.249268  -86.388599     5.009    -3459.0     1390.1    -2682.2     87.8    131.2     28.7 2014  4 11  3 31 42.000  3.9   2
       43  12.287411  -86.385701    16.301    -3143.3     5609.7     8609.1    150.1    320.4    140.0 2014  4 11  3 38  6.000  3.5   2
       48  12.283760  -86.405802     5.598    -5330.4     5205.7    -2092.1     86.7    127.8     27.5 2014  4 11  4 35  9.000  3.1   2
       49  12.284211  -86.375960     5.603    -2083.4     5255.7    -2088.0     84.6    126.1     32.9 2014  4 11  5 20 13.000  2.7   2
       51  12.302666  -86.369572     3.226    -1388.3     7297.2    -4465.3     85.9    126.2     47.6 2014  4 11  5 29 38.000  2.7   2
       52  12.261917  -86.393628    12.679    -4005.7     2789.4     4987.9    101.5    142.8    104.4 2014  4 11  5 33 50.000  3.1   2
       53  12.289684  -86.377653     5.730    -2267.6     5861.1    -1960.2     85.1    123.9     36.2 2014  4 11  5 43 21.000  3.0   2
       69  12.285346  -86.408228    12.932    -5593.7     5381.3     5240.5    100.2    139.9     90.1 2014  4 11  9  1  7.000  2.7   2
       96  12.255477  -86.434953     4.821    -8501.7     2077.0    -2870.8     92.1    135.4     45.1 2014  4 11 14 10 36.000  2.6   2
       99  12.264006  -86.381616    10.580    -2699.0     3020.5     2888.4    139.3    174.1    152.3 2014  4 11 14 52 41.000  3.3   2
      102  12.256214  -86.426994    13.051    -7636.3     2158.6     5359.7    107.8    146.8    117.3 2014  4 11 15 56 52.000  3.3   2
      110  12.290114  -86.420142    10.312    -6890.3     5908.7     2621.0    217.7    252.7    485.7 2014  4 11 18 22 53.000  2.8   2
      121  12.278746  -86.409147    10.831    -5693.6     4651.1     3139.9    197.0    237.1    332.0 2014  4 11 19 99 33.000  3.0   2
      123  12.283150  -86.408431     2.105    -5615.9     5138.3    -5586.3     93.8    135.7    130.4 2014  4 11 21 38 53.000  3.3   2
      126  12.280464  -86.352360     3.368      484.0     4841.1    -4323.6     88.6    132.4    124.3 2014  4 11 21 51 32.000  3.7   2
      132  12.235490  -86.403076    13.311    -5034.2     -134.1     5619.5    114.2    153.1     93.8 2014  4 12  0  8 11.000  4.1   2
      133  12.278131  -86.439290    12.399    -8973.6     4583.1     4707.1    133.3    167.5    172.0 2014  4 12  0 16 55.000  3.3   2
      134  12.255618  -86.414136     5.735    -6236.7     2092.7    -1955.4     89.5    131.9     30.2 2014  4 12  0 21 37.000  4.0   2
      137  12.278089  -86.402262    15.224    -4944.8     4578.4     7532.4    100.1    142.0     90.2 2014  4 12  2 50 42.000  2.9   2
      141  12.257367  -86.432406    12.949    -8224.6     2286.1     5257.1    104.1    145.1    103.7 2014  4 12  3 40 38.000  3.3   2
      155  12.257522  -86.413753     8.693    -6195.0     2303.2     1001.2     90.1    132.7    215.0 2014  4 12 10  2  9.000  3.2   2
      157  12.289679  -86.382137     2.236    -2755.3     5860.6    -5455.7     85.3    127.1     92.5 2014  4 12 10 23 13.000  2.7   2
      178  12.282719  -86.388395     4.849    -3436.1     5090.6    -2842.1     85.5    127.9     28.4 2014  4 13  1 20  6.000  4.3   2
      183  12.261007  -86.416895     5.703    -6536.8     2688.7    -1987.3     89.1    132.0     28.6 2014  4 13  2  7 37.000  3.4   2
      228  12.273741  -86.389689    10.586    -3577.1     4097.4     2894.4     88.5    131.4    165.4 2014  4 13 17 41 35.000  3.1   2
      238  12.273386  -86.423608     5.718    -7267.2     4058.1    -1972.8     89.2    131.6     30.3 2014  4 14  0 27 46.000  2.6   2
      245  12.297613  -86.382739     5.671    -2820.9     6738.2    -2020.0     84.8    126.5     36.6 2014  4 14  4 12 24.000  4.4   2
      248  12.259704  -86.381437     4.893    -2679.1     2544.6    -2798.2     86.5    128.5     24.9 2014  4 14  5  7  3.000  5.6   2
      249  12.253694  -86.398397     2.746    -4524.3     1879.7    -4945.3     88.5    131.2     64.3 2014  4 14  5 11  6.000  3.1   2
      250  12.283557  -86.375545     5.645    -2037.9     5183.4    -2045.6     85.2    126.7     31.0 2014  4 14  5 17  7.000  2.9   2
      251  12.264674  -86.398470     7.390    -4532.1     3094.4     -301.9     88.8    130.2    239.3 2014  4 14  5 25 27.000  3.1   2
      252  12.272814  -86.388387     4.830    -3435.5     3994.8    -2861.2     86.2    127.8     27.2 2014  4 14  5 39 43.000  3.0   2
      253  12.279690  -86.392798     0.627    -3915.4     4755.4    -7063.4    134.7    197.4     35.3 2014  4 14  5 43 53.000  4.6   2
      254  12.272464  -86.396655     5.672    -4335.3     3956.2    -2018.1     87.0    128.8     26.1 2014  4 14  5 49 29.000  3.5   2
      255  12.270930  -86.381307    13.350    -2664.9     3786.4     5658.1    135.7    167.9    101.2 2014  4 14  5 54 58.000  2.5   2
      256  12.277495  -86.373096     5.657    -1771.4     4512.7    -2033.2     84.8    126.8     29.1 2014  4 14  5 59 25.000  3.5   2
      257  12.232103  -86.412557    12.630    -6065.1     -508.6     4938.5    107.2    147.6    109.7 2014  4 14  6  5 24.000  3.5   2
      258  12.240035  -86.399146     8.354    -4606.5      368.8      662.6     91.1    131.9    192.3 2014  4 14  6 12 31.000  4.0   2
      259  12.277664  -86.375887    10.766    -2075.3     4531.4     3074.2    193.7    209.1    293.2 2014  4 14  6 20 56.000  3.5   2
      261  12.235327  -86.413403    16.590    -6157.6     -152.0     8898.9    104.6    147.5     86.8 2014  4 14  6 31  1.000  2.9   2
      262  12.210485  -86.423193    16.076    -7223.6    -2900.1     8384.3    106.6    146.6    130.4 2014  4 14  6 34 11.000  3.0   2
      263  12.258788  -86.390658     4.890    -3682.4     2443.3    -2801.9     87.3    129.5     24.3 2014  4 14  6 39  2.000  2.8   2
      265  12.259081  -86.383146     4.818    -2865.1     2475.7    -2873.6     87.1    128.8     26.4 2014  4 14  6 52 26.000  3.2   2
      267  12.264864  -86.387484     5.497    -3336.8     3115.5    -2194.9     87.3    129.1     31.2 2014  4 14  7 10  5.000  3.1   2
      270  12.251170  -86.388949     4.884    -3496.8     1600.5    -2807.3     87.4    130.9     26.9 2014  4 14  7 27 46.000  2.7   2
      271  12.270177  -86.381095     5.619    -2642.0     3703.2    -2071.1     85.7    127.7     26.9 2014  4 14  7 36 13.000  3.1   2
      279  12.242042  -86.387280    12.725    -3315.0      590.8     5033.5    113.0    153.8    148.8 2014  4 14  8 49 18.000  2.7   2
      282  12.268941  -86.380648     5.646    -2593.0     3566.5    -2044.6     85.9    127.7     26.5 2014  4 14  9  5 18.000  3.3   2
      284  12.271886  -86.388151     5.828    -3409.5     3892.3    -1863.9     86.1    128.0     25.1 2014  4 14  9 23 45.000  3.0   2
      291  12.282245  -86.407560     3.581    -5521.3     5038.2    -4109.5     93.3    132.6     48.2 2014  4 14 11 32  4.000  3.0   2
      292  12.240523  -86.445858    17.240    -9688.3      422.8     9548.2    130.8    163.7    151.0 2014  4 14 11 36 40.000  3.3   2
      293  12.273208  -86.407007     5.626    -5460.8     4038.5    -2064.7     87.9    130.6     27.6 2014  4 14 11 54 22.000  3.0   2
      294  12.270387  -86.402563     1.291    -4977.6     3726.4    -6399.9     92.1    132.4    153.9 2014  4 14 12 36 25.000  3.8   2
      295  12.256667  -86.390422     5.745    -3656.6     2208.6    -1945.6     87.2    130.4     29.1 2014  4 14 12 44 18.000  2.7   2
      300  12.253900  -86.397339     4.808    -4409.3     1902.6    -2883.4     88.2    131.2     27.9 2014  4 14 13 50 15.000  3.2   2
      304  12.260544  -86.392131     5.471    -3843.1     2637.5    -2220.3     88.1    129.7     29.5 2014  4 14 15 54 21.000  3.6   2
      305  12.246631  -86.398177     8.603    -4501.1     1098.4      911.5     98.9    138.3    180.4 2014  4 14 16 21 47.000  2.7   2
      306  12.268410  -86.420264     4.898    -6903.5     3507.8    -2793.9     89.8    132.2     30.2 2014  4 14 17  0 57.000  2.9   2
      310  12.266760  -86.405005     8.714    -5243.6     3325.2     1022.2     87.9    130.3    193.0 2014  4 14 18 14 22.000  3.7   2
      317  12.281066  -86.408008     5.625    -5569.7     4907.8    -2065.8     86.9    129.4     26.4 2014  4 14 20 51 29.000  3.3   2
      320  12.280650  -86.399471     4.823    -4641.1     4861.7    -2868.3     93.4    132.8     28.4 2014  4 14 21 40 33.000  3.4   2
      323  12.230905  -86.415625    14.146    -6399.6     -641.2     6454.1    108.5    149.9    112.3 2014  4 14 22 19 29.000  2.9   2
      330  12.255441  -86.421232    12.109    -7009.2     2073.1     4417.9    108.0    148.0    125.4 2014  4 15  0 53 43.000  2.5   2
      341  12.270428  -86.423527    14.768    -7258.3     3731.0     7077.0    108.6    147.1    112.9 2014  4 15  4  0 46.000  2.7   2
      342  12.232630  -86.358472     5.762     -180.8     -450.3    -1928.6     92.9    131.6     41.1 2014  4 15  4 15 46.000  2.6   2
      343  12.219896  -86.360392     5.786     -389.2    -1859.0    -1904.5     94.9    134.3     43.7 2014  4 15  4 28  7.000  4.2   2
      348  12.218564  -86.351489     5.832      579.1    -2006.4    -1858.4     95.3    132.7     43.9 2014  4 15  7  4  5.000  3.5   2
      360  12.258398  -86.402262     2.044    -4945.2     2400.2    -5647.3     91.7    132.2     75.0 2014  4 15 12  2  0.000  2.7   2
      362  12.272726  -86.386898     5.668    -3273.4     3985.2    -2022.9     86.0    128.0     25.0 2014  4 15 12 48 12.000  3.3   2
      398  12.217635  -86.384131     5.631    -2972.6    -2109.2    -2059.9     96.7    135.5     44.6 2014  4 16 22 44 53.000  2.8   2
      408  12.248504  -86.400228    14.764    -4724.3     1305.5     7072.5    101.2    143.3     83.5 2014  4 17  4 34 41.000  2.5   2
      415  12.189754  -86.380143     5.878    -2539.0    -5193.5    -1812.0    109.8    140.2     51.5 2014  4 17  9  7 38.000  2.5   2
      419  12.196121  -86.373201     5.854    -1783.1    -4489.1    -1836.0    107.7    138.3     46.4 2014  4 17 10 36 59.000  2.5   2
      429  12.217773  -86.383252     2.983    -2876.8    -2093.9    -4708.7     96.9    135.8     67.5 2014  4 17 22 32 17.000  3.7   2
      430  12.199119  -86.387948    13.806    -3387.7    -4157.5     6114.5    143.3    211.2    590.1 2014  4 17 22 35 49.000  2.8   2
      433  12.217907  -86.381364     4.176    -2671.8    -2079.1    -3515.0     96.8    134.9     67.7 2014  4 17 23 42 21.000  2.5   2
      449  12.266077  -86.402612    15.173    -4983.3     3249.6     7481.1    100.9    142.2     89.8 2014  4 18 14  9 20.000  2.6   2
      658  12.259621  -86.408171     4.934    -5588.3     2535.5    -2758.0     88.4    131.2     27.0 2014  5  2  2 48 41.000  3.6   2
      738  12.262171  -86.397778     2.740    -4457.3     2817.5    -4951.5     88.6    130.1     82.6 2014  5 15  1 49 57.000  2.5   2
      837  12.274244  -86.418888     3.573    -6753.9     4153.1    -4118.3     88.5    131.0     28.8 2014  6  1 11 38 16.000  3.6   2
      974  12.246921  -86.400944     4.990    -4801.6     1130.5    -2701.8     90.6    132.6     34.5 2014  6 26  7  0 32.000  2.5   2
