       15  12.387205  -86.470703     5.503      -88.1     4305.2    -1647.6      0.0      0.0      0.0 2014  4 11  0 39 46.000  3.9   1
       19  12.398988  -86.607666     0.675   -14983.6     5608.7    -6476.3      0.0      0.0      0.0 2014  4 11  0 54 59.000  2.7   1
       30  12.436286  -86.477002     1.884     -773.8     9734.8    -5267.3      0.0      0.0      0.0 2014  4 11  2 11 18.000  2.4   1
       50  12.360912  -86.538818    23.326    -7496.4     1396.5    16174.1      0.0      0.0      0.0 2014  4 11  5 23 41.000  3.8   1
       86  12.395119  -86.520825     3.035    -5539.5     5180.7    -4117.2      0.0      0.0      0.0 2014  4 11 11 45 31.000  3.0   1
      129  12.494812  -86.585710     2.000   -12593.0    16209.1    -5151.4      0.0      0.0      0.0 2014  4 11 22 35 36.000  1.9   1
      146  12.307445  -86.450334     3.138     2127.4    -4518.2    -4013.9      0.0      0.0      0.0 2014  4 12  6 11 10.000  2.3   1
      147  12.459506  -86.570321     2.965   -10920.5    12303.5    -4187.2      0.0      0.0      0.0 2014  4 12  6 25 25.000  1.9   1
      225  12.396094  -86.529948     4.258    -6531.4     5288.5    -2893.7      0.0      0.0      0.0 2014  4 13 14 46 27.000  3.6   1
      249  12.274038  -86.436369     2.372     3646.6    -8213.9    -4780.4      0.0      0.0      0.0 2014  4 14  5 11  6.000  3.1   1
      261  12.220004  -86.360327    15.881    11919.3   -14191.2     8729.3      0.0      0.0      0.0 2014  4 14  6 31  1.000  2.9   1
      272  12.508774  -86.531706     1.161    -6721.6    17753.6    -5990.5      0.0      0.0      0.0 2014  4 14  7 41 56.000  2.6   1
      286  12.379017  -86.506860     4.452    -4020.6     3399.4    -2699.0      0.0      0.0      0.0 2014  4 14 10 14 24.000  2.8   1
      292  12.230492  -86.390487    16.070     8637.5   -13031.0     8918.0      0.0      0.0      0.0 2014  4 14 11 36 40.000  3.3   1
      371  12.434428  -86.515210     4.018    -4928.5     9529.2    -3133.4      0.0      0.0      0.0 2014  4 15 18 50  4.000  2.8   1
      372  12.443441  -86.450293     3.337     2130.8    10526.2    -3815.1      0.0      0.0      0.0 2014  4 15 19 42 44.000  2.6   1
      390  12.362116  -86.488729    24.784    -2048.7     1529.8    17632.1      0.0      0.0      0.0 2014  4 16 15 40  7.000  1.7   1
      398  12.135336  -86.448291     8.231     2350.2   -23557.6     1079.7      0.0      0.0      0.0 2014  4 16 22 44 53.000  2.8   1
      429  12.120775  -86.445947     8.198     2604.7   -25168.4     1046.5      0.0      0.0      0.0 2014  4 17 22 32 17.000  3.7   1
      431  12.355570  -86.539632    23.550    -7585.3      805.7    16397.5      0.0      0.0      0.0 2014  4 17 23  6 21.000  1.4   1
      489  12.370867  -86.515438     5.809    -4953.8     2497.8    -1343.3      0.0      0.0      0.0 2014  4 20 11 43 41.000  2.5   1
      545  12.362742  -86.516496     3.350    -5068.9     1599.0    -3802.2      0.0      0.0      0.0 2014  4 23  4  4 13.000  2.8   1
      546  12.384501  -86.471956     5.921     -224.8     4006.1    -1230.3      0.0      0.0      0.0 2014  4 23  4 44 44.000  4.1   1
      574  12.353226  -86.527930    25.117    -6312.3      546.2    17964.7      0.0      0.0      0.0 2014  4 24 22 12  2.000  1.7   1
      614  12.329761  -86.549788     1.955    -8690.2    -2049.5    -5195.9      0.0      0.0      0.0 2014  4 28 17 19 33.000  1.1   1
      648  12.402149  -86.530330     2.351    -6572.8     5958.4    -4800.5      0.0      0.0      0.0 2014  5  1 17 49 55.000  3.5   1
      652  12.420361  -86.489445    11.385    -2126.9     7973.1     4232.9      0.0      0.0      0.0 2014  5  2  0  8 24.000  2.0   1
      663  12.368570  -86.520654     5.979    -5520.9     2243.7    -1173.2      0.0      0.0      0.0 2014  5  2  4 21 56.000  3.9   1
      676  12.348173  -86.539453     4.780    -7565.8      -12.7    -2372.5      0.0      0.0      0.0 2014  5  2 19 37 16.000  1.5   1
      686  12.387543  -86.560539     2.273    -9858.8     4342.5    -4878.0      0.0      0.0      0.0 2014  5  4 12 13  7.000  0.8   1
      687  12.386105  -86.568018     2.115   -10672.1     4183.5    -5035.6      0.0      0.0      0.0 2014  5  4 12 44  5.000  1.0   1
      696  12.381490  -86.523364    27.900    -5815.5     3672.9    20748.2      0.0      0.0      0.0 2014  5  6 12 43 47.000  1.3   1
      706  12.350245  -86.586239     3.954   -12654.2      216.6    -3198.4      0.0      0.0      0.0 2014  5  8  3  5 38.000  1.7   1
      711  12.343899  -86.586426    14.829   -12675.1     -485.6     7676.8      0.0      0.0      0.0 2014  5  8 16 25  6.000  1.5   1
      725  12.513188  -86.554150     1.839    -9161.5    18241.9    -5311.9      0.0      0.0      0.0 2014  5 10 18 21 44.000  1.9   1
      741  12.339459  -86.540584     5.432    -7689.1     -976.6    -1719.7      0.0      0.0      0.0 2014  5 15 13 53 17.000  1.3   1
      764  12.378478  -86.588770     4.859   -12928.7     3339.7    -2293.1      0.0      0.0      0.0 2014  5 20  9 23  1.000  1.6   1
      819  12.339153  -86.546151    14.691    -8294.6    -1010.6     7539.4      0.0      0.0      0.0 2014  5 28  6 55  5.000  2.2   1
      823  12.443784  -86.499691    11.650    -3240.7    10564.1     4497.8      0.0      0.0      0.0 2014  5 29  5 57 18.000  1.8   1
      850  12.427102  -86.544499     3.904    -8113.7     8718.7    -3246.7      0.0      0.0      0.0 2014  6  2  3 18 57.000  1.3   1
      862  12.376330  -86.586597     5.638   -12692.6     3102.1    -1512.5      0.0      0.0      0.0 2014  6  5  6 31 31.000  1.0   1
      892  12.333130  -86.574333     4.175   -11359.6    -1676.8    -2977.1      0.0      0.0      0.0 2014  6 11 16 32 45.000  1.0   1
      921  12.371953  -86.461792     2.208      880.8     2617.9    -4944.1      0.0      0.0      0.0 2014  6 17  3  3 44.000  1.7   1
      946  12.349428  -86.481714     1.875    -1286.2      126.1    -5276.2      0.0      0.0      0.0 2014  6 22 20 43  1.000  2.2   1
      960  12.458485  -86.638835     4.143   -18370.6    12190.4    -3009.0      0.0      0.0      0.0 2014  6 24 23 47 27.000  1.1   1
      963  12.490251  -86.630282     3.540   -17439.5    15704.5    -3612.1      0.0      0.0      0.0 2014  6 25  1 34 31.000  2.4   1
      968  12.450612  -86.660441     5.948   -20720.6    11319.5    -1203.4      0.0      0.0      0.0 2014  6 25  6 26  7.000  0.7   1
      969  12.485498  -86.629354     5.186   -17339.2    15178.8    -1966.4      0.0      0.0      0.0 2014  6 25  9 25 58.000  1.7   1
      970  12.461990  -86.638843     2.325   -18371.2    12578.2    -4826.0      0.0      0.0      0.0 2014  6 25 11 12 17.000  1.5   1
      978  12.489250  -86.624455     3.868   -16806.2    15593.7    -3283.6      0.0      0.0      0.0 2014  6 26 20 51 57.000  1.9   1
