       42  12.248295  -86.389331     4.997    -3538.6     1282.5    -2694.8    214.1    198.5     41.3 2014  4 11  3 31 42.000  3.9   2
       43  12.271033  -86.384554    16.086    -3018.8     3797.8     8394.2    247.7    409.4    183.1 2014  4 11  3 38  6.000  3.5   2
       48  12.282293  -86.406673     5.595    -5425.1     5043.4    -2095.8    210.9    200.2     41.7 2014  4 11  4 35  9.000  3.1   2
       49  12.282961  -86.376888     5.594    -2184.7     5117.3    -2096.1    212.8    196.8     45.8 2014  4 11  5 20 13.000  2.7   2
       51  12.301187  -86.370166     3.204    -1453.3     7133.6    -4487.6    212.9    198.8    181.8 2014  4 11  5 29 38.000  2.7   2
       52  12.258937  -86.395158    12.842    -4172.3     2459.8     5150.7    227.3    203.1    145.6 2014  4 11  5 33 50.000  3.1   2
       53  12.288446  -86.378605     5.709    -2371.2     5724.2    -1981.6    212.7    197.3     50.4 2014  4 11  5 43 21.000  3.0   2
       69  12.283308  -86.409782    13.021    -5762.7     5155.8     5329.2    224.5    201.3    131.8 2014  4 11  9  1  7.000  2.7   2
       96  12.253531  -86.435848     4.840    -8599.9     1861.7    -2851.8    211.6    205.4     58.6 2014  4 11 14 10 36.000  2.6   2
       99  12.251231  -86.390625    11.142    -3679.1     1607.3     3450.2    216.2    204.6    212.4 2014  4 11 14 52 41.000  3.3   2
      102  12.253116  -86.429118    13.143    -7867.2     1815.8     5451.1    225.9    204.7    148.2 2014  4 11 15 56 52.000  3.3   2
      110  12.282757  -86.425773     9.992    -7503.2     5094.8     2300.6    212.1    208.4    512.6 2014  4 11 18 22 53.000  2.8   2
      121  12.266923  -86.417220    11.224    -6572.2     3343.2     3532.4    272.0    314.3    432.2 2014  4 11 19 99 33.000  3.0   2
      123  12.281798  -86.409285     2.165    -5708.9     4988.8    -5526.8    211.7    202.3    174.0 2014  4 11 21 38 53.000  3.3   2
      126  12.279443  -86.352987     3.395      416.6     4728.2    -4296.5    215.4    197.2    141.3 2014  4 11 21 51 32.000  3.7   2
      132  12.233587  -86.403947    13.297    -5128.6     -344.6     5605.3    229.6    204.9    127.4 2014  4 12  0  8 11.000  4.1   2
      133  12.269962  -86.445264    13.333    -9624.0     3679.3     5641.5    225.9    212.3    161.8 2014  4 12  0 16 55.000  3.3   2
      134  12.254278  -86.414803     5.743    -6309.2     1944.3    -1947.8    212.3    201.0     41.7 2014  4 12  0 21 37.000  4.0   2
      137  12.275502  -86.403735    15.325    -5105.0     4292.2     7633.7    225.8    203.6    128.7 2014  4 12  2 50 42.000  2.9   2
      138  12.279172  -86.436922    28.691    -8716.0     4698.2    20999.0    211.5    208.2   1521.0 2014  4 12  3 13 40.000  2.9   2
      141  12.253969  -86.434530    13.054    -8456.3     1910.2     5362.7    225.1    205.1    137.0 2014  4 12  3 40 38.000  3.3   2
      155  12.255384  -86.415023     9.802    -6333.3     2066.8     2110.7    212.7    201.6    319.3 2014  4 12 10  2  9.000  3.2   2
      157  12.288127  -86.382959     2.309    -2845.1     5688.8    -5382.6    212.3    198.7    142.9 2014  4 12 10 23 13.000  2.7   2
      178  12.281335  -86.389144     4.841    -3517.9     4937.5    -2850.2    212.1    199.0     43.5 2014  4 13  1 20  6.000  4.3   2
      183  12.259284  -86.417871     5.712    -6643.6     2498.2    -1978.7    211.8    201.5     40.7 2014  4 13  2  7 37.000  3.4   2
      228  12.271906  -86.390503    10.864    -3665.4     3894.4     3172.8    213.7    200.5    221.8 2014  4 13 17 41 35.000  3.1   2
      238  12.271607  -86.424609     5.724    -7376.5     3861.4    -1966.5    210.6    202.5     42.8 2014  4 14  0 27 46.000  2.6   2
      245  12.296061  -86.383496     5.667    -2903.5     6566.6    -2023.9    212.0    199.8     51.8 2014  4 14  4 12 24.000  4.4   2
      248  12.258436  -86.382161     4.888    -2758.3     2404.3    -2803.5    214.0    197.3     40.4 2014  4 14  5  7  3.000  5.6   2
      249  12.252167  -86.399137     2.854    -4605.0     1710.8    -4837.6    213.4    199.4    132.2 2014  4 14  5 11  6.000  3.1   2
      250  12.282495  -86.376188     5.638    -2107.8     5065.8    -2052.3    213.0    197.9     46.2 2014  4 14  5 17  7.000  2.9   2
      251  12.263692  -86.398942     7.291    -4583.5     2985.8     -400.4    212.9    199.5    288.1 2014  4 14  5 25 27.000  3.1   2
      252  12.271600  -86.388965     4.836    -3498.3     3860.6    -2855.7    212.7    198.1     41.3 2014  4 14  5 39 43.000  3.0   2
      253  12.272119  -86.396452     0.649    -4313.0     3918.0    -7041.1    626.9    874.3    149.7 2014  4 14  5 43 53.000  4.6   2
      254  12.271183  -86.397502     5.671    -4427.3     3814.5    -2019.3    212.2    199.3     41.4 2014  4 14  5 49 29.000  3.5   2
      255  12.261009  -86.388875    13.402    -3488.8     2689.0     5711.0    228.9    206.1    141.4 2014  4 14  5 54 58.000  2.5   2
      256  12.276248  -86.373698     5.647    -1837.6     4374.7    -2044.0    213.6    197.4     46.2 2014  4 14  5 59 25.000  3.5   2
      257  12.228611  -86.414762    12.738    -6305.9     -895.0     5046.5    230.1    205.3    155.9 2014  4 14  6  5 24.000  3.5   2
      258  12.238722  -86.399723     8.695    -4668.8      223.5     1003.0    214.8    198.9    233.7 2014  4 14  6 12 31.000  4.0   2
      259  12.269031  -86.382983    12.300    -2847.5     3576.4     4608.3    281.5    282.1    384.3 2014  4 14  6 20 56.000  3.5   2
      261  12.233045  -86.414681    16.528    -6296.7     -404.5     8836.5    229.7    206.5    123.8 2014  4 14  6 31  1.000  2.9   2
      262  12.209524  -86.423193    15.700    -7223.1    -3006.5     8008.9    361.2    388.9    473.2 2014  4 14  6 34 11.000  3.0   2
      263  12.257130  -86.391650     4.892    -3790.7     2259.9    -2799.5    213.5    198.5     40.1 2014  4 14  6 39  2.000  2.8   2
      265  12.257891  -86.383634     4.823    -2918.5     2344.0    -2868.7    213.9    197.3     41.0 2014  4 14  6 52 26.000  3.2   2
      267  12.263808  -86.387826     5.462    -3374.4     2998.7    -2229.6    213.4    198.2     45.7 2014  4 14  7 10  5.000  3.1   2
      270  12.249984  -86.389608     4.888    -3568.6     1469.3    -2803.5    214.0    198.4     40.3 2014  4 14  7 27 46.000  2.7   2
      271  12.268772  -86.381681     5.633    -2705.5     3547.8    -2057.3    213.4    197.6     42.6 2014  4 14  7 36 13.000  3.1   2
      279  12.240246  -86.388713    12.810    -3471.3      392.1     5118.7    229.7    214.9    214.8 2014  4 14  8 49 18.000  2.7   2
      282  12.267303  -86.381519     5.651    -2688.6     3385.3    -2039.4    213.5    197.5     42.6 2014  4 14  9  5 18.000  3.3   2
      284  12.270821  -86.388835     5.823    -3484.2     3774.4    -1868.6    212.7    198.2     40.2 2014  4 14  9 23 45.000  3.0   2
      291  12.281178  -86.408366     3.592    -5609.0     4920.1    -4099.0    212.4    203.5     65.1 2014  4 14 11 32  4.000  3.0   2
      292  12.237585  -86.447632    17.244    -9881.6       97.8     9553.0    234.6    220.8    185.2 2014  4 14 11 36 40.000  3.3   2
      293  12.271240  -86.408146     5.628    -5585.1     3820.8    -2062.8    211.6    201.0     41.1 2014  4 14 11 54 22.000  3.0   2
      294  12.269007  -86.402979     1.950    -5022.6     3573.8    -5740.8    213.0    201.0    142.8 2014  4 14 12 36 25.000  3.8   2
      295  12.255592  -86.391089     5.741    -3729.8     2089.7    -1949.8    213.5    198.5     42.3 2014  4 14 12 44 18.000  2.7   2
      300  12.252117  -86.398275     4.821    -4511.0     1705.4    -2870.9    213.4    199.4     40.8 2014  4 14 13 50 15.000  3.2   2
      304  12.259577  -86.392489     5.466    -3882.1     2530.6    -2225.3    213.4    198.5     42.1 2014  4 14 15 54 21.000  3.6   2
      305  12.243572  -86.399886     9.262    -4686.4      760.0     1570.8    217.7    205.9    200.8 2014  4 14 16 21 47.000  2.7   2
      306  12.266795  -86.421232     4.900    -7009.4     3329.1    -2791.6    211.3    202.4     41.8 2014  4 14 17  0 57.000  2.9   2
      310  12.264904  -86.406169     8.899    -5370.3     3119.8     1207.9    212.4    199.9    230.2 2014  4 14 18 14 22.000  3.7   2
      317  12.279318  -86.408936     5.632    -5671.0     4714.4    -2058.6    210.9    200.9     40.2 2014  4 14 20 51 29.000  3.3   2
      320  12.278998  -86.400269     4.831    -4728.5     4679.0    -2860.3    212.4    199.7     41.2 2014  4 14 21 40 33.000  3.4   2
      323  12.227087  -86.417855    14.263    -6642.4    -1063.5     6571.6    228.9    207.4    145.0 2014  4 14 22 19 29.000  2.9   2
      330  12.252436  -86.423022    12.253    -7204.1     1740.7     4562.0    223.0    207.2    147.8 2014  4 15  0 53 43.000  2.5   2
      341  12.267298  -86.425643    14.862    -7488.7     3384.7     7170.5    226.6    208.3    149.3 2014  4 15  4  0 46.000  2.7   2
      342  12.231471  -86.359155     5.751     -254.8     -578.6    -1939.3    217.8    195.2     55.7 2014  4 15  4 15 46.000  2.6   2
      343  12.218433  -86.361157     5.799     -472.6    -2020.9    -1891.5    218.6    196.0     56.9 2014  4 15  4 28  7.000  4.2   2
      348  12.217629  -86.351815     5.845      544.0    -2109.9    -1845.3    221.8    201.3     58.9 2014  4 15  7  4  5.000  3.5   2
      360  12.257280  -86.402775     2.129    -5001.1     2276.5    -5562.2    213.5    200.2    140.0 2014  4 15 12  2  0.000  2.7   2
      362  12.271246  -86.387801     5.664    -3371.9     3821.5    -2026.3    212.8    198.3     40.8 2014  4 15 12 48 12.000  3.3   2
      398  12.216659  -86.384440     5.648    -3006.4    -2217.2    -2042.8    220.2    204.8     58.6 2014  4 16 22 44 53.000  2.8   2
      408  12.245702  -86.401864    14.777    -4901.7      995.7     7085.5    228.0    202.1    120.3 2014  4 17  4 34 41.000  2.5   2
      415  12.189449  -86.379582     5.896    -2477.4    -5227.3    -1794.1    229.4    214.8     65.4 2014  4 17  9  7 38.000  2.5   2
      419  12.195890  -86.372721     5.870    -1731.1    -4514.6    -1820.3    228.8    212.9     60.8 2014  4 17 10 36 59.000  2.5   2
      429  12.216747  -86.383545     2.989    -2909.0    -2207.4    -4702.1    220.2    204.6    150.4 2014  4 17 22 32 17.000  3.7   2
      430  12.196117  -86.389046    14.856    -3507.6    -4489.6     7164.4    248.8    250.3    464.9 2014  4 17 22 35 49.000  2.8   2
      433  12.216991  -86.381616     4.168    -2698.9    -2180.4    -3523.9    220.4    204.2    137.5 2014  4 17 23 42 21.000  2.5   2
      449  12.263129  -86.404541    15.243    -5192.9     2923.4     7551.0    226.3    201.0    125.8 2014  4 18 14  9 20.000  2.6   2
      658  12.258325  -86.408927     4.934    -5670.6     2392.1    -2757.5    212.3    200.5     39.5 2014  5  2  2 48 41.000  3.6   2
      738  12.260757  -86.398812     2.660    -4569.4     2661.1    -5031.2    212.9    199.3    141.2 2014  5 15  1 49 57.000  2.5   2
      837  12.272517  -86.419629     3.589    -6834.7     3962.0    -4102.6    210.8    201.8     41.4 2014  6  1 11 38 16.000  3.6   2
      974  12.245534  -86.401489     5.007    -4860.8      977.1    -2684.7    213.9    200.4     46.4 2014  6 26  7  0 32.000  2.5   2
