       42  12.255672  -86.391756     4.942    -3802.4     2098.6    -2749.9      0.0      0.0      0.0 2014  4 11  3 31 42.000  3.9   2
       48  12.291021  -86.408700     5.513    -5645.5     6008.9    -2177.0      0.0      0.0      0.0 2014  4 11  4 35  9.000  3.1   2
       49  12.291276  -86.378597     5.511    -2370.0     6037.2    -2179.9      0.0      0.0      0.0 2014  4 11  5 20 13.000  2.7   2
       51  12.309965  -86.372030     3.187    -1655.9     8104.6    -4504.3      0.0      0.0      0.0 2014  4 11  5 29 38.000  2.7   2
       52  12.269922  -86.396273    12.554    -4293.6     3674.9     4862.4      0.0      0.0      0.0 2014  4 11  5 33 50.000  3.1   2
       53  12.296244  -86.380135     5.696    -2537.1     6586.9    -1994.0      0.0      0.0      0.0 2014  4 11  5 43 21.000  3.0   2
       69  12.284080  -86.414762    13.934    -6304.7     5241.2     6242.8      0.0      0.0      0.0 2014  4 11  9  1  7.000  2.7   2
       96  12.263501  -86.438135     4.726    -8847.6     2964.7    -2965.3      0.0      0.0      0.0 2014  4 11 14 10 36.000  2.6   2
       99  12.257199  -86.393945    11.928    -4039.9     2267.5     4236.5      0.1      0.1      0.1 2014  4 11 14 52 41.000  3.3   2
      102  12.254290  -86.434180    14.256    -8417.5     1945.7     6564.0      0.0      0.0      0.0 2014  4 11 15 56 52.000  3.3   2
      123  12.283916  -86.413826     1.804    -6203.2     5223.0    -5887.0      0.0      0.0      0.0 2014  4 11 21 38 53.000  3.3   2
      126  12.286445  -86.355355     3.099      158.5     5502.8    -4592.1      0.0      0.0      0.0 2014  4 11 21 51 32.000  3.7   2
      132  12.198474  -86.436629    14.057    -8685.5    -4228.8     6365.2      0.0      0.1      0.2 2014  4 12  0  8 11.000  4.1   2
      133  12.296214  -86.431632    12.816    -8140.2     6583.5     5124.5      0.0      0.1      0.1 2014  4 12  0 16 55.000  3.3   2
      134  12.262842  -86.417212     5.640    -6571.3     2891.7    -2050.1      0.0      0.0      0.0 2014  4 12  0 21 37.000  4.0   2
      137  12.279150  -86.409115    16.091    -5690.2     4695.9     8399.3      0.0      0.0      0.0 2014  4 12  2 50 42.000  2.9   2
      141  12.255057  -86.439168    14.020    -8960.3     2030.5     6328.2      0.0      0.0      0.0 2014  4 12  3 40 38.000  3.3   2
      155  12.264365  -86.416553     9.266    -6499.9     3060.2     1574.4      0.0      0.0      0.1 2014  4 12 10  2  9.000  3.2   2
      157  12.296455  -86.384733     2.081    -3037.4     6610.1    -5610.8      0.0      0.0      0.1 2014  4 12 10 23 13.000  2.7   2
      178  12.289236  -86.391203     4.807    -3741.4     5811.6    -2884.0      0.0      0.0      0.0 2014  4 13  1 20  6.000  4.3   2
      183  12.268855  -86.419279     5.583    -6796.0     3556.9    -2107.3      0.0      0.0      0.0 2014  4 13  2  7 37.000  3.4   2
      228  12.265129  -86.403800    12.272    -5112.5     3144.7     4580.2      0.0      0.1      0.1 2014  4 13 17 41 35.000  3.1   2
      238  12.281011  -86.426286     5.592    -7558.5     4901.6    -2098.0      0.0      0.0      0.0 2014  4 14  0 27 46.000  2.6   2
      245  12.305367  -86.385547     5.590    -3125.9     7596.0    -2100.4      0.0      0.0      0.0 2014  4 14  4 12 24.000  4.4   2
      248  12.266092  -86.383862     4.840    -2943.1     3251.2    -2851.8      0.0      0.0      0.0 2014  4 14  5  7  3.000  5.6   2
      249  12.261529  -86.400936     2.387    -4801.0     2746.5    -5304.7      0.0      0.0      0.0 2014  4 14  5 11  6.000  3.1   2
      250  12.289390  -86.378833     5.629    -2395.6     5828.6    -2061.7      0.0      0.0      0.0 2014  4 14  5 17  7.000  2.9   2
      251  12.270612  -86.402035     8.939    -4920.3     3751.2     1247.1      0.0      0.0      0.1 2014  4 14  5 25 27.000  3.1   2
      252  12.278450  -86.391064     4.812    -3726.7     4618.3    -2879.1      0.0      0.0      0.0 2014  4 14  5 39 43.000  3.0   2
      253  12.292848  -86.391862     0.596    -3813.5     6211.1    -7094.4      0.1      0.1      0.0 2014  4 14  5 43 53.000  4.6   2
      254  12.280113  -86.398999     5.544    -4589.7     4802.3    -2146.1      0.0      0.0      0.0 2014  4 14  5 49 29.000  3.5   2
      255  12.288541  -86.369792    14.119    -1411.9     5734.7     6427.8      0.0      0.1      0.1 2014  4 14  5 54 58.000  2.5   2
      256  12.284111  -86.375838     5.616    -2070.0     5244.5    -2074.2      0.0      0.0      0.0 2014  4 14  5 59 25.000  3.5   2
      257  12.236242  -86.415942    12.853    -6434.1      -50.9     5161.7      0.0      0.0      0.0 2014  4 14  6  5 24.000  3.5   2
      258  12.246779  -86.402686     8.472    -4991.6     1114.9      780.9      0.0      0.0      0.1 2014  4 14  6 12 31.000  4.0   2
      261  12.240415  -86.416577    16.628    -6503.2      410.9     8936.9      0.0      0.0      0.0 2014  4 14  6 31  1.000  2.9   2
      262  12.211995  -86.429639    16.701    -7924.1    -2733.1     9009.4      0.0      0.0      0.0 2014  4 14  6 34 11.000  3.0   2
      263  12.265769  -86.393327     4.820    -3972.5     3215.6    -2871.9      0.0      0.0      0.0 2014  4 14  6 39  2.000  2.8   2
      265  12.266053  -86.386027     4.716    -3178.9     3247.0    -2975.5      0.0      0.0      0.0 2014  4 14  6 52 26.000  3.2   2
      267  12.271327  -86.391203     5.463    -3742.0     3830.4    -2228.6      0.0      0.0      0.0 2014  4 14  7 10  5.000  3.1   2
      270  12.258613  -86.391382     4.750    -3760.9     2423.9    -2941.5      0.0      0.0      0.0 2014  4 14  7 27 46.000  2.7   2
      271  12.276878  -86.383952     5.541    -2952.9     4444.5    -2149.3      0.0      0.0      0.0 2014  4 14  7 36 13.000  3.1   2
      282  12.276924  -86.383105     5.498    -2860.6     4449.5    -2192.7      0.0      0.0      0.0 2014  4 14  9  5 18.000  3.3   2
      284  12.278450  -86.391040     5.763    -3723.6     4618.3    -1928.1      0.0      0.0      0.0 2014  4 14  9 23 45.000  3.0   2
      291  12.288944  -86.410612     3.473    -5853.2     5779.3    -4217.5      0.0      0.0      0.0 2014  4 14 11 32  4.000  3.0   2
      292  12.245472  -86.449186    17.301   -10051.3      970.3     9609.9      0.0      0.0      0.0 2014  4 14 11 36 40.000  3.3   2
      293  12.281007  -86.409839     5.522    -5769.1     4901.2    -2168.3      0.0      0.0      0.0 2014  4 14 11 54 22.000  3.0   2
      294  12.286006  -86.413835     0.603    -6203.8     5454.2    -7087.5      0.1      0.1      0.0 2014  4 14 12 36 25.000  3.8   2
      295  12.263804  -86.393457     5.653    -3987.0     2998.2    -2037.5      0.0      0.0      0.0 2014  4 14 12 44 18.000  2.7   2
      300  12.261683  -86.400081     4.708    -4708.2     2763.5    -2983.8      0.0      0.0      0.0 2014  4 14 13 50 15.000  3.2   2
      304  12.267512  -86.395760     5.360    -4237.4     3408.3    -2331.9      0.0      0.0      0.0 2014  4 14 15 54 21.000  3.6   2
      305  12.263719  -86.393042     8.874    -3942.2     2988.7     1182.3      0.0      0.0      0.1 2014  4 14 16 21 47.000  2.7   2
      306  12.276155  -86.422786     4.804    -7177.9     4364.4    -2887.6      0.0      0.0      0.0 2014  4 14 17  0 57.000  2.9   2
      310  12.274108  -86.407454     8.781    -5509.8     4138.0     1089.8      0.0      0.0      0.1 2014  4 14 18 14 22.000  3.7   2
      317  12.288870  -86.410506     5.512    -5842.0     5771.1    -2178.7      0.0      0.0      0.0 2014  4 14 20 51 29.000  3.3   2
      320  12.284084  -86.405298     4.708    -5275.2     5241.6    -2983.1      0.0      0.0      0.0 2014  4 14 21 40 33.000  3.4   2
      323  12.229751  -86.423063    15.134    -7209.1     -769.0     7442.1      0.0      0.0      0.0 2014  4 14 22 19 29.000  2.9   2
      330  12.259565  -86.424634    12.382    -7379.5     2529.2     4690.7      0.1      0.1      0.1 2014  4 15  0 53 43.000  2.5   2
      341  12.273346  -86.428084    15.229    -7754.4     4053.7     7537.3      0.1      0.1      0.1 2014  4 15  4  0 46.000  2.7   2
      342  12.238680  -86.360588     5.688     -410.7      218.9    -2002.4      0.0      0.0      0.0 2014  4 15  4 15 46.000  2.6   2
      343  12.226082  -86.361963     5.678     -560.2    -1174.7    -2012.7      0.0      0.0      0.0 2014  4 15  4 28  7.000  4.2   2
      348  12.206975  -86.366203     5.833    -1021.8    -3288.4    -1857.1      0.0      0.1      0.0 2014  4 15  7  4  5.000  3.5   2
      360  12.267536  -86.403564     1.174    -5087.2     3411.1    -6517.6      0.0      0.1      0.0 2014  4 15 12  2  0.000  2.7   2
      362  12.280352  -86.389632     5.564    -3571.0     4828.7    -2126.1      0.0      0.0      0.0 2014  4 15 12 48 12.000  3.3   2
      398  12.205182  -86.400220     5.748    -4723.1    -3486.8    -1942.6      0.0      0.1      0.0 2014  4 16 22 44 53.000  2.8   2
      408  12.253222  -86.403573    14.853    -5088.1     1827.5     7161.9      0.0      0.0      0.0 2014  4 17  4 34 41.000  2.5   2
      429  12.205297  -86.399772     2.495    -4674.9    -3474.1    -5196.5      0.0      0.1      0.0 2014  4 17 22 32 17.000  3.7   2
      433  12.205501  -86.397542     3.775    -4431.6    -3451.4    -3916.4      0.0      0.0      0.0 2014  4 17 23 42 21.000  2.5   2
      449  12.264128  -86.408927    15.994    -5669.8     3033.9     8302.9      0.0      0.0      0.0 2014  4 18 14  9 20.000  2.6   2
      658  12.266865  -86.410824     4.843    -5876.9     3336.8    -2848.3      0.0      0.0      0.0 2014  5  2  2 48 41.000  3.6   2
      738  12.269141  -86.399943     2.766    -4692.3     3588.5    -4925.4      0.0      0.0      0.0 2014  5 15  1 49 57.000  2.5   2
      837  12.281232  -86.422176     3.454    -7111.2     4926.1    -4237.8      0.0      0.0      0.0 2014  6  1 11 38 16.000  3.6   2
      974  12.254318  -86.403866     4.881    -5119.2     1948.8    -2810.3      0.0      0.0      0.0 2014  6 26  7  0 32.000  2.5   2
