       42  12.252967  -86.392749     4.974    -3910.0     1799.3    -2717.1     76.0     60.4     15.1 2014  4 11  3 31 42.000  3.9   2
       48  12.288307  -86.409570     5.541    -5740.1     5708.7    -2149.2     74.8     62.1     15.5 2014  4 11  4 35  9.000  3.1   2
       49  12.288541  -86.379679     5.548    -2487.6     5734.6    -2142.5     75.5     61.0     16.9 2014  4 11  5 20 13.000  2.7   2
       51  12.307230  -86.372738     3.208    -1732.7     7802.1    -4483.8     75.5     62.4     22.8 2014  4 11  5 29 38.000  2.7   2
       52  12.266500  -86.397502    12.624    -4427.0     3296.4     4932.2     81.2     70.4     59.3 2014  4 11  5 33 50.000  3.1   2
       53  12.293861  -86.381128     5.709    -2645.6     6323.2    -1981.9     75.4     61.8     18.3 2014  4 11  5 43 21.000  3.0   2
       69  12.287078  -86.414250    13.449    -6249.0     5572.8     5757.2     80.3     63.1     62.3 2014  4 11  9  1  7.000  2.7   2
       96  12.260385  -86.438745     4.764    -8914.7     2619.9    -2927.5     74.9     62.7     19.5 2014  4 11 14 10 36.000  2.6   2
       99  12.260590  -86.390487    11.494    -3664.1     2642.5     3802.3     86.5     87.5     85.5 2014  4 11 14 52 41.000  3.3   2
      102  12.258112  -86.433659    13.712    -8361.2     2368.4     6020.3     81.0     63.2     63.3 2014  4 11 15 56 52.000  3.3   2
      110  12.272316  -86.441732     6.322    -9239.2     3939.8    -1369.7     71.5     51.9    484.7 2014  4 11 18 22 53.000  2.8   2
      123  12.284048  -86.414950     1.824    -6325.2     5237.7    -5867.9     76.4     65.2     16.6 2014  4 11 21 38 53.000  3.3   2
      126  12.283797  -86.356274     3.200       58.0     5209.9    -4491.3     76.5     64.0     65.4 2014  4 11 21 51 32.000  3.7   2
      132  12.217561  -86.425098    13.279    -7429.9    -2117.4     5587.0    125.7    142.2     66.3 2014  4 12  0  8 11.000  4.1   2
      133  12.299519  -86.430835    11.504    -8053.6     6949.1     3812.7     99.2    102.6    263.1 2014  4 12  0 16 55.000  3.3   2
      134  12.259804  -86.418132     5.689    -6671.8     2555.7    -2002.0     75.2     61.3     14.7 2014  4 12  0 21 37.000  4.0   2
      137  12.281883  -86.408521    15.634    -5626.1     4998.1     7942.2     80.8     62.3     60.2 2014  4 12  2 50 42.000  2.9   2
      141  12.258824  -86.438656    13.483    -8904.9     2447.3     5791.1     80.5     63.8     61.2 2014  4 12  3 40 38.000  3.3   2
      155  12.261679  -86.417440     8.615    -6596.2     2763.1      923.8     75.4     61.6    179.2 2014  4 12 10  2  9.000  3.2   2
      157  12.293634  -86.385710     2.172    -3143.6     6298.1    -5520.0     75.3     61.9     53.4 2014  4 12 10 23 13.000  2.7   2
      178  12.286453  -86.392220     4.840    -3852.4     5503.7    -2851.4     75.2     61.6     16.1 2014  4 13  1 20  6.000  4.3   2
      183  12.265659  -86.420435     5.649    -6921.9     3203.3    -2041.9     75.0     61.6     14.3 2014  4 13  2  7 37.000  3.4   2
      228  12.267054  -86.401302    11.908    -4840.4     3357.7     4216.8     85.4     84.6     85.8 2014  4 13 17 41 35.000  3.1   2
      238  12.278228  -86.427441     5.639    -7684.8     4593.7    -2051.3     74.6     62.2     15.5 2014  4 14  0 27 46.000  2.6   2
      245  12.302701  -86.386377     5.613    -3216.4     7301.1    -2077.4     75.1     62.3     18.0 2014  4 14  4 12 24.000  4.4   2
      248  12.263330  -86.385107     4.885    -3078.6     2945.7    -2806.8     75.9     60.5     15.2 2014  4 14  5  7  3.000  5.6   2
      249  12.258302  -86.402067     2.464    -4923.6     2389.5    -5227.6     75.7     61.0     49.3 2014  4 14  5 11  6.000  3.1   2
      250  12.286869  -86.379500     5.634    -2468.1     5549.8    -2056.1     75.6     61.5     17.0 2014  4 14  5 17  7.000  2.9   2
      251  12.267785  -86.402938     8.696    -5018.8     3438.6     1004.7     75.5     61.5    103.2 2014  4 14  5 25 27.000  3.1   2
      252  12.276225  -86.392163     4.817    -3846.3     4372.2    -2874.0     75.5     61.3     16.7 2014  4 14  5 39 43.000  3.0   2
      253  12.284143  -86.395011     0.636    -4156.5     5248.2    -7054.5    103.0    147.9     38.1 2014  4 14  5 43 53.000  4.6   2
      254  12.277147  -86.400317     5.600    -4733.4     4474.3    -2090.7     75.2     61.5     15.4 2014  4 14  5 49 29.000  3.5   2
      255  12.281160  -86.380705    13.717    -2599.1     4918.2     6025.4    104.7    107.4     63.9 2014  4 14  5 54 58.000  2.5   2
      256  12.281426  -86.376921     5.650    -2188.1     4947.6    -2040.1     75.8     61.0     16.6 2014  4 14  5 59 25.000  3.5   2
      257  12.236675  -86.417847    12.890    -6641.2       -2.9     5198.0     82.3     63.6     62.6 2014  4 14  6  5 24.000  3.5   2
      258  12.243868  -86.403727     7.531    -5105.0      792.8     -160.3     76.0     60.7    104.5 2014  4 14  6 12 31.000  4.0   2
      259  12.270208  -86.390153    14.148    -3627.5     3706.6     6456.8    126.5    123.3    220.7 2014  4 14  6 20 56.000  3.5   2
      261  12.241156  -86.418457    16.621    -6707.4      492.8     8929.8     81.5     63.6     43.7 2014  4 14  6 31  1.000  2.9   2
      262  12.221758  -86.423397    15.102    -7245.5    -1653.1     7410.8    101.9    102.6    125.9 2014  4 14  6 34 11.000  3.0   2
      263  12.262941  -86.394189     4.853    -4066.4     2902.8    -2838.3     75.7     60.8     15.0 2014  4 14  6 39  2.000  2.8   2
      265  12.263138  -86.387223     4.769    -3309.3     2924.5    -2922.7     75.9     60.6     15.4 2014  4 14  6 52 26.000  3.2   2
      267  12.268342  -86.392301     5.518    -3861.3     3500.2    -2173.5     75.6     60.9     15.2 2014  4 14  7 10  5.000  3.1   2
      270  12.255436  -86.392773     4.825    -3912.9     2072.5    -2866.9     75.9     60.5     15.2 2014  4 14  7 27 46.000  2.7   2
      271  12.274070  -86.385050     5.581    -3072.5     4133.9    -2109.9     75.7     61.0     15.9 2014  4 14  7 36 13.000  3.1   2
      282  12.273851  -86.384383     5.564    -2999.3     4109.6    -2127.0     75.7     60.9     16.1 2014  4 14  9  5 18.000  3.3   2
      284  12.275687  -86.391870     5.789    -3814.5     4312.7    -1902.1     75.4     61.1     15.3 2014  4 14  9 23 45.000  3.0   2
      291  12.285989  -86.411702     3.518    -5972.1     5452.4    -4172.2     75.2     63.1     22.1 2014  4 14 11 32  4.000  3.0   2
      292  12.246259  -86.451009    17.303   -10249.3     1057.2     9611.6     82.6     68.2     61.2 2014  4 14 11 36 40.000  3.3   2
      293  12.278170  -86.410734     5.562    -5867.1     4587.3    -2128.4     75.0     61.8     15.4 2014  4 14 11 54 22.000  3.0   2
      294  12.280181  -86.416593     0.619    -6504.1     4809.8    -7071.0    104.6    139.7     31.3 2014  4 14 12 36 25.000  3.8   2
      295  12.260493  -86.394287     5.712    -4077.7     2631.9    -1978.3     75.7     60.8     15.9 2014  4 14 12 44 18.000  2.7   2
      300  12.258466  -86.401001     4.762    -4808.0     2407.6    -2929.3     75.7     60.9     14.9 2014  4 14 13 50 15.000  3.2   2
      304  12.264405  -86.396769     5.411    -4347.1     3064.7    -2280.2     75.6     61.0     15.9 2014  4 14 15 54 21.000  3.6   2
      305  12.256992  -86.396859     8.728    -4357.6     2244.5     1036.1     83.3     79.9     97.4 2014  4 14 16 21 47.000  2.7   2
      306  12.272982  -86.423690     4.851    -7276.5     4013.4    -2840.9     74.9     62.1     15.5 2014  4 14 17  0 57.000  2.9   2
      310  12.271043  -86.408618     8.999    -5636.6     3799.0     1307.1     75.3     61.6     90.4 2014  4 14 18 14 22.000  3.7   2
      317  12.286125  -86.411694     5.552    -5970.7     5467.4    -2138.8     74.8     62.0     15.2 2014  4 14 20 51 29.000  3.3   2
      320  12.281474  -86.406120     4.761    -5364.9     4952.9    -2931.0     76.6     63.2     15.8 2014  4 14 21 40 33.000  3.4   2
      323  12.233673  -86.422567    14.651    -7154.6     -335.1     6959.5     81.9     63.3     61.6 2014  4 14 22 19 29.000  2.9   2
      330  12.262119  -86.424512    11.977    -7366.1     2811.7     4285.7     79.4     70.0     78.0 2014  4 15  0 53 43.000  2.5   2
      341  12.275587  -86.428182    14.885    -7764.8     4301.7     7193.6     80.5     67.5     71.6 2014  4 15  4  0 46.000  2.7   2
      342  12.235903  -86.362142     5.748     -579.9      -88.3    -1942.6     77.6     60.5     22.7 2014  4 15  4 15 46.000  2.6   2
      343  12.223250  -86.363525     5.742     -730.1    -1488.0    -1948.4     77.9     60.6     24.2 2014  4 15  4 28  7.000  4.2   2
      348  12.202532  -86.368896     5.920    -1315.0    -3780.0    -1770.3     79.0     66.1     25.2 2014  4 15  7  4  5.000  3.5   2
      360  12.263590  -86.405412     1.262    -5287.6     2974.6    -6429.8     80.2     71.6     94.8 2014  4 15 12  2  0.000  2.7   2
      362  12.277477  -86.390519     5.602    -3667.6     4510.8    -2088.3     75.5     61.2     15.7 2014  4 15 12 48 12.000  3.3   2
      398  12.200514  -86.401994     5.812    -4916.5    -4003.3    -1878.4     78.8     69.1     36.1 2014  4 16 22 44 53.000  2.8   2
      408  12.253608  -86.405404    14.915    -5287.1     1870.3     7223.4     81.1     61.7     50.5 2014  4 17  4 34 41.000  2.5   2
      429  12.200690  -86.401351     2.586    -4846.5    -3983.7    -5105.4     78.8     68.8     50.4 2014  4 17 22 32 17.000  3.7   2
      433  12.201104  -86.399504     3.799    -4645.4    -3937.9    -3892.8     78.8     67.9     42.3 2014  4 17 23 42 21.000  2.5   2
      449  12.268340  -86.408659    15.566    -5641.0     3499.9     7874.9     80.9     63.5     58.9 2014  4 18 14  9 20.000  2.6   2
      658  12.263849  -86.411906     4.892    -5994.5     3003.1    -2799.5     75.3     61.3     14.3 2014  5  2  2 48 41.000  3.6   2
      738  12.266206  -86.400895     2.811    -4796.2     3263.9    -4880.3     75.5     61.1     48.7 2014  5 15  1 49 57.000  2.5   2
      837  12.278197  -86.423185     3.510    -7221.3     4590.4    -4181.4     74.7     62.1     15.1 2014  6  1 11 38 16.000  3.6   2
      974  12.251236  -86.404907     4.929    -5233.2     1607.9    -2762.8     75.9     61.2     16.9 2014  6 26  7  0 32.000  2.5   2
