        1  12.363043  -86.463973     4.315     1003.5    -1807.3    -2365.4      0.0      0.1      0.0 2014  4 10 18 43 54.000  4.0   1
        5  12.410229  -86.541423     4.453    -7418.2     3412.7    -2227.2      0.0      0.1      0.0 2014  4 10 23 35  2.000  4.4   1
       12  12.362502  -86.475146     2.265     -211.8    -1867.1    -4414.7      0.0      0.1      0.0 2014  4 11  0  1 22.000  5.0   1
       13  12.348069  -86.523470     0.227    -5466.6    -3463.8    -6452.6      0.7      0.9      0.1 2014  4 11  0 12 13.000  3.6   1
       14  12.402127  -86.535938     2.298    -6821.8     2516.3    -4381.9      0.0      0.0      0.0 2014  4 11  0 28 46.000  5.0   1
       15  12.415725  -86.486556     4.487    -1452.5     4020.6    -2192.4      0.0      0.1      0.0 2014  4 11  0 39 46.000  3.9   1
       20  12.392906  -86.518384     5.408    -4913.3     1496.2    -1272.5      0.0      0.1      0.0 2014  4 11  1  4  8.000  3.3   1
       23  12.398627  -86.516398    10.426    -4697.7     2129.1     3746.0      0.3      0.4      0.6 2014  4 11  1 24 44.000  4.0   1
       44  12.404687  -86.504736    15.151    -3429.6     2799.6     8471.1      0.0      0.0      0.0 2014  4 11  3 49 57.000  3.9   1
       45  12.417231  -86.529696     4.328    -6142.8     4187.2    -2352.7      0.0      0.1      0.0 2014  4 11  4  3 25.000  3.1   1
       47  12.422028  -86.519279     5.320    -5010.7     4717.9    -1360.4      0.1      0.1      0.0 2014  4 11  4 27 29.000  2.5   1
       50  12.428128  -86.500627    14.866    -2982.6     5392.7     8185.5      0.0      0.0      0.0 2014  4 11  5 23 41.000  3.8   1
       56  12.351213  -86.455851     2.344     1886.5    -3116.0    -4335.0      0.0      0.1      0.0 2014  4 11  6 44 11.000  3.2   1
       62  12.286823  -86.467383    11.563      632.6   -10239.2     4882.7      0.6      0.4      0.8 2014  4 11  7 44 58.000  3.0   1
       70  12.362035  -86.430819     1.038     4608.9    -1918.8    -5641.8      0.1      0.1      0.0 2014  4 11  9  6 43.000  4.3   1
       81  12.348192  -86.464087     2.171      991.3    -3450.1    -4508.4      0.1      0.1      0.0 2014  4 11 11  4 50.000  2.7   1
       86  12.393250  -86.509538     5.352    -3951.5     1534.2    -1328.9      0.0      0.1      0.0 2014  4 11 11 45 31.000  3.0   1
       88  12.324241  -86.501660     2.499    -3094.9    -6099.7    -4180.8      0.1      0.1      0.1 2014  4 11 12 20 41.000  2.9   1
       89  12.272678  -86.465584     3.296      828.9   -11803.9    -3383.9      0.1      0.1      0.1 2014  4 11 12 25 59.000  4.1   1
       91  12.431792  -86.473942     0.397      -80.7     5798.0    -6282.3      0.0      0.1      0.0 2014  4 11 12 52 31.000  3.0   1
       97  12.342260  -86.483464     3.556    -1116.2    -4106.5    -3124.5      0.0      0.1      0.0 2014  4 11 14 28  4.000  3.3   1
      104  12.417490  -86.510286     3.402    -4032.8     4215.8    -3278.2      0.0      0.1      0.0 2014  4 11 16 32 53.000  3.8   1
      109  12.361722  -86.485205     3.456    -1305.1    -1953.4    -3224.9      0.0      0.1      0.0 2014  4 11 18 17 18.000  4.4   1
      113  12.361770  -86.501009    16.429    -3024.2    -1948.1     9748.2      0.0      0.0      0.1 2014  4 11 19  3 38.000  3.8   1
      119  12.372230  -86.490828     4.534    -1917.2     -791.0    -2146.9      0.0      0.1      0.0 2014  4 11 20  5 15.000  3.7   1
      120  12.337871  -86.447852     1.043     2757.3    -4591.9    -5636.1      0.1      0.1      0.0 2014  4 11 20  8 43.000  3.2   1
      130  12.400111  -86.501872     4.525    -3118.0     2293.3    -2155.6      0.0      0.1      0.0 2014  4 11 22 40  1.000  2.7   1
      140  12.334453  -86.438208     1.177     3805.7    -4970.0    -5502.0      0.1      0.1      0.0 2014  4 12  3 29 21.000  3.7   1
      164  12.313894  -86.445312     3.516     3033.6    -7244.4    -3164.1      0.1      0.1      0.1 2014  4 12 13 39 29.000  3.4   1
      165  12.343800  -86.510433     2.535    -4049.4    -3936.1    -4144.2      0.1      0.1      0.1 2014  4 12 14 17 50.000  2.8   1
      171  12.376073  -86.529948     3.627    -6171.0     -365.8    -3053.6      0.1      0.1      0.0 2014  4 12 19 55 48.000  2.6   1
      179  12.396236  -86.523853    17.845    -5508.3     1864.6    11164.7      0.1      0.1      0.1 2014  4 13  1 29 46.000  2.6   1
      194  12.376082  -86.451839     4.279     2322.7     -364.8    -2401.6      0.0      0.1      0.0 2014  4 13  5 10 18.000  3.3   1
      195  12.367063  -86.461336     3.473     1290.7    -1362.5    -3207.1      0.0      0.1      0.0 2014  4 13  5 41  4.000  3.4   1
      196  12.365567  -86.471631     5.267      171.2    -1528.1    -1412.9      0.0      0.1      0.0 2014  4 13  5 54 36.000  3.6   1
      205  12.359251  -86.471509     2.270      183.9    -2226.8    -4409.7      0.0      0.1      0.0 2014  4 13  7 19 34.000  2.5   1
      210  12.426434  -86.527970     4.443    -5955.2     5205.3    -2237.1      0.1      0.1      0.0 2014  4 13  7 57 47.000  3.6   1
      218  12.363884  -86.511784     5.356    -4195.8    -1714.2    -1324.3      0.1      0.1      0.1 2014  4 13  9 54  4.000  2.7   1
      225  12.394367  -86.538639     5.356    -7116.3     1658.0    -1324.4      0.0      0.1      0.0 2014  4 13 14 46 27.000  3.6   1
      235  12.336249  -86.441235     4.474     3476.1    -4771.5    -2206.1      0.0      0.1      0.0 2014  4 13 23 40 11.000  3.6   1
      236  12.371866  -86.482397     5.261    -1000.3     -831.3    -1419.8      0.0      0.1      0.0 2014  4 13 23 50 20.000  3.5   1
      237  12.366379  -86.480990     4.173     -847.0    -1438.3    -2507.7      0.1      0.1      0.0 2014  4 14  0  4 51.000  3.4   1
      239  12.386204  -86.494930     1.762    -2362.6      754.9    -4917.3      0.1      0.2      0.1 2014  4 14  1 14 52.000  2.7   1
      240  12.323601  -86.494792    12.095    -2348.0    -6170.5     5415.0      0.0      0.0      0.0 2014  4 14  1 25 47.000  2.5   1
      272  12.435176  -86.526799     5.299    -5827.8     6172.3    -1381.3      0.0      0.1      0.0 2014  4 14  7 41 56.000  2.6   1
      276  12.339747  -86.484359     5.361    -1213.6    -4384.4    -1319.8      0.0      0.1      0.1 2014  4 14  8 32 35.000  2.6   1
      336  12.363026  -86.454614     4.284     2021.1    -1809.2    -2395.9      0.0      0.1      0.0 2014  4 15  3  2 30.000  2.6   1
      364  12.399592  -86.457275    18.532     1731.9     2235.9    11851.2      0.1      0.1      0.1 2014  4 15 13 14  9.000  2.5   1
      365  12.375816  -86.465885    18.652      795.4     -394.3    11971.2      0.1      0.1      0.0 2014  4 15 13 17 49.000  3.2   1
      369  12.325595  -86.509074    17.360    -3901.7    -5950.0    10680.1      0.0      0.0      0.0 2014  4 15 18  8 46.000  2.7   1
      370  12.415386  -86.517603     5.343    -4828.3     3983.1    -1337.8      0.1      0.1      0.0 2014  4 15 18 30 44.000  3.2   1
      371  12.424369  -86.526270     2.026    -5770.4     4976.9    -4653.3      0.0      0.0      0.0 2014  4 15 18 50  4.000  2.8   1
      374  12.386027  -86.484123    17.372    -1187.6      735.3    10692.6      0.2      0.2      0.2 2014  4 15 19 54 59.000  2.6   1
      379  12.294695  -86.490405     4.516    -1871.1    -9368.2    -2164.3      0.1      0.1      0.1 2014  4 16  4 22 45.000  2.5   1
      393  12.386724  -86.471533     2.305      181.7      812.3    -4374.7      0.0      0.1      0.0 2014  4 16 17  9  6.000  3.1   1
      422  12.363297  -86.462459     4.438     1168.5    -1779.3    -2242.7      0.0      0.1      0.0 2014  4 17 14 27 28.000  3.3   1
      423  12.383761  -86.454012     2.246     2086.6      484.6    -4433.9      0.0      0.1      0.0 2014  4 17 15 45  8.000  3.0   1
      434  12.363936  -86.493099     2.340    -2164.2    -1708.5    -4339.3      0.1      0.1      0.0 2014  4 18  0 19  5.000  3.9   1
      436  12.297378  -86.472437     2.382       83.1    -9071.5    -4297.1      0.1      0.1      0.1 2014  4 18  1 37 53.000  2.8   1
      446  12.344380  -86.472095     4.444      120.3    -3871.9    -2236.4      0.0      0.1      0.0 2014  4 18 12 21 58.000  4.4   1
      448  12.312244  -86.463175     4.513     1090.2    -7426.9    -2167.0      0.1      0.1      0.1 2014  4 18 12 32 51.000  3.0   1
      470  12.342365  -86.503955     1.311    -3344.2    -4094.9    -5368.4      0.1      0.1      0.0 2014  4 19 13 44 28.000  3.9   1
      479  12.325331  -86.499992    13.456    -2914.1    -5979.3     6775.1      0.0      0.0      0.0 2014  4 20  0 23  5.000  2.5   1
      480  12.432775  -86.509912    14.591    -3991.4     5906.8     7910.8      0.1      0.1      0.1 2014  4 20  0 27 38.000  2.6   1
      483  12.377038  -86.479517     5.273     -686.7     -259.1    -1407.4      0.0      0.1      0.0 2014  4 20  4 24  4.000  2.9   1
      489  12.405244  -86.528467     5.345    -6009.3     2861.2    -1335.5      0.0      0.1      0.0 2014  4 20 11 43 41.000  2.5   1
      492  12.393221  -86.510278     4.469    -4031.5     1531.1    -2211.8      0.0      0.1      0.0 2014  4 20 14 42 22.000  3.0   1
      493  12.379088  -86.472892    17.854       34.0      -32.3    11173.6      0.1      0.1      0.2 2014  4 20 19 51 43.000  2.9   1
      512  12.428583  -86.538867    17.123    -7140.4     5443.0    10442.6      0.0      0.0      0.1 2014  4 22  1 45 11.000  3.0   1
      513  12.359450  -86.498519    15.444    -2753.6    -2204.8     8763.6      0.1      0.1      0.1 2014  4 22  4 14 50.000  2.6   1
      533  12.335956  -86.491528     2.444    -1992.8    -4803.8    -4235.9      0.1      0.1      0.1 2014  4 22 11 30 24.000  2.8   1
      544  12.341847  -86.522762     2.637    -5390.0    -4152.1    -4042.7      0.1      0.1      0.1 2014  4 23  3 54 40.000  2.9   1
      545  12.374006  -86.531779     3.523    -6370.4     -594.6    -3157.8      0.0      0.1      0.0 2014  4 23  4  4 13.000  2.8   1
      547  12.447733  -86.517407    18.397    -4806.6     7561.5    11716.2      0.1      0.1      0.1 2014  4 23  4 49 10.000  2.5   1
      555  12.422507  -86.494279    14.176    -2291.5     4770.9     7495.2      0.0      0.1      0.1 2014  4 23 20  2 48.000  2.9   1
      560  12.372883  -86.474373     3.386     -127.6     -718.8    -3293.9      0.0      0.1      0.0 2014  4 24  3 35 53.000  3.3   1
      594  12.346056  -86.482837     2.347    -1048.2    -3686.4    -4332.1      0.1      0.1      0.0 2014  4 26  9 33  5.000  3.6   1
      597  12.386866  -86.485588    17.298    -1347.2      828.1    10618.0      0.1      0.1      0.1 2014  4 27  2  0 46.000  2.5   1
      599  12.349924  -86.486060     3.488    -1398.3    -3258.6    -3192.2      0.0      0.1      0.0 2014  4 27  2  6 25.000  3.2   1
      610  12.365736  -86.489860     4.599    -1811.6    -1509.4    -2081.6      0.2      0.2      0.2 2014  4 28 10  3 52.000  2.8   1
      620  12.295984  -86.513371    17.305    -4369.3    -9225.6    10624.5      0.1      0.1      0.2 2014  4 29  3 43 18.000  2.6   1
      627  12.389603  -86.525553     5.314    -5693.0     1130.8    -1366.2      0.0      0.1      0.0 2014  4 30  0 51 51.000  2.5   1
      631  12.331943  -86.472030     5.402      127.2    -5247.7    -1278.6      0.0      0.1      0.0 2014  4 30  8 15 49.000  2.6   1
      641  12.276039  -86.530672    15.739    -6250.9   -11432.1     9058.2      0.0      0.0      0.1 2014  5  1 13 23 51.000  2.5   1
      647  12.321591  -86.496680     2.333    -2553.3    -6392.8    -4346.8      0.0      0.1      0.0 2014  5  1 14 11  5.000  3.1   1
      648  12.403441  -86.539722     4.472    -7234.0     2661.8    -2208.5      0.0      0.1      0.0 2014  5  1 17 49 55.000  3.5   1
      663  12.392813  -86.536540     5.553    -6887.9     1486.0    -1127.8      0.1      0.1      0.1 2014  5  2  4 21 56.000  3.9   1
      736  12.323778  -86.451750     5.315     2333.0    -6151.0    -1365.8      0.1      0.1      0.1 2014  5 14 11 16 34.000  2.8   1
      775  12.408162  -86.474577    15.700     -149.4     3184.0     9019.2      0.1      0.1      0.1 2014  5 21 23  0 60.000  4.2   1
      793  12.373218  -86.520858     1.265    -5182.7     -681.7    -5414.0      0.0      0.0      0.0 2014  5 25 16 48 49.000  2.7   1
      794  12.380204  -86.498722    18.888    -2775.2       91.2    12207.5      0.1      0.1      0.0 2014  5 25 17 11 43.000  4.0   1
      796  12.373628  -86.532414     1.346    -6439.1     -636.3    -5333.8      0.1      0.1      0.0 2014  5 25 17 40  6.000  2.7   1
      799  12.418146  -86.562931     4.538    -9757.6     4288.4    -2142.6      0.1      0.1      0.0 2014  5 26  0  4 12.000  2.5   1
      853  12.376761  -86.485555    12.919    -1343.3     -289.8     6238.5      0.1      0.1      0.1 2014  6  3  5 10  0.000  2.5   1
      866  12.365489  -86.498747     5.356    -2778.4    -1536.7    -1324.0      0.0      0.1      0.0 2014  6  8  2 14 29.000  4.0   1
      881  12.355977  -86.520394     5.644    -5132.5    -2589.0    -1035.0      0.1      0.1      0.1 2014  6  9  2  3 11.000  3.4   1
      887  12.345119  -86.483993    12.244    -1173.8    -3790.1     5563.7      0.0      0.1      0.1 2014  6  9 12 49  1.000  3.5   1
      896  12.364491  -86.471785     5.213      153.8    -1647.1    -1467.3      0.1      0.1      0.0 2014  6 12 15 25 37.000  3.6   1
      928  12.353606  -86.496476    11.130    -2530.9    -2851.3     4449.9      0.1      0.1      0.1 2014  6 19  3 29 34.000  2.9   1
      937  12.309074  -86.493864    15.461    -2246.9    -7777.6     8780.8      0.1      0.1      0.1 2014  6 20 16 22  5.000  2.8   1
