       42  12.252246  -86.392106     4.979    -3840.6     1719.6    -2712.1     16.0     48.9     12.0 2014  4 11  3 31 42.000  3.9   2
       48  12.287581  -86.408919     5.542    -5668.9     5628.5    -2148.5     15.1     48.4     10.2 2014  4 11  4 35  9.000  3.1   2
       49  12.287872  -86.378988     5.547    -2413.0     5660.7    -2143.9     16.8     47.7     10.6 2014  4 11  5 20 13.000  2.7   2
       51  12.306425  -86.372013     3.212    -1653.5     7713.1    -4479.3     20.7     47.9     15.4 2014  4 11  5 29 38.000  2.7   2
       52  12.265993  -86.396737    12.574    -4343.9     3240.4     4882.5     28.8     52.6     41.3 2014  4 11  5 33 50.000  3.1   2
       53  12.293154  -86.380461     5.710    -2573.0     6245.0    -1980.9     16.8     47.3     10.9 2014  4 11  5 43 21.000  3.0   2
       69  12.285824  -86.413778    13.482    -6197.8     5434.1     5790.3     34.2     52.8     49.0 2014  4 11  9  1  7.000  2.7   2
       96  12.259583  -86.438322     4.778    -8868.8     2531.2    -2913.6     16.9     50.4     15.9 2014  4 11 14 10 36.000  2.6   2
       99  12.258195  -86.391105    11.476    -3730.8     2377.7     3784.8     50.6     60.7     63.3 2014  4 11 14 52 41.000  3.3   2
      102  12.256840  -86.433219    13.773    -8313.8     2227.7     6081.3     35.7     52.2     49.5 2014  4 11 15 56 52.000  3.3   2
      123  12.282576  -86.414909     1.809    -6320.9     5074.9    -5882.7     28.0     52.0     36.3 2014  4 11 21 38 53.000  3.3   2
      126  12.283106  -86.355672     3.206      124.0     5133.4    -4485.6     23.5     49.0     42.6 2014  4 11 21 51 32.000  3.7   2
      132  12.200151  -86.436108    14.533    -8628.8    -4043.4     6841.7     89.2     97.0    439.1 2014  4 12  0  8 11.000  4.1   2
      133  12.297931  -86.430697    11.963    -8038.4     6773.4     4271.3     50.4     61.6    180.7 2014  4 12  0 16 55.000  3.3   2
      134  12.259146  -86.417440     5.686    -6596.9     2482.9    -2004.2     15.6     49.3     12.5 2014  4 12  0 21 37.000  4.0   2
      137  12.280789  -86.408073    15.664    -5577.5     4877.1     7972.4     34.2     51.6     47.4 2014  4 12  2 50 42.000  2.9   2
      141  12.257264  -86.438175    13.550    -8852.3     2274.7     5858.1     34.7     54.6     48.2 2014  4 12  3 40 38.000  3.3   2
      155  12.260931  -86.416821     8.717    -6529.2     2680.4     1025.9     18.2     49.4    127.1 2014  4 12 10  2  9.000  3.2   2
      157  12.292841  -86.384928     2.241    -3058.7     6210.3    -5450.4     18.0     48.1     33.8 2014  4 12 10 23 13.000  2.7   2
      178  12.285751  -86.391553     4.842    -3779.5     5426.1    -2849.5     16.4     48.3     10.1 2014  4 13  1 20  6.000  4.3   2
      183  12.264916  -86.419735     5.649    -6846.1     3121.2    -2041.5     14.6     49.4     12.1 2014  4 13  2  7 37.000  3.4   2
      228  12.265443  -86.401383    11.849    -4849.2     3179.5     4157.8     51.0     63.2     63.5 2014  4 13 17 41 35.000  3.1   2
      238  12.277439  -86.426766     5.641    -7611.2     4506.5    -2049.2     15.5     49.4     12.2 2014  4 14  0 27 46.000  2.6   2
      245  12.301922  -86.385734     5.618    -3146.9     7214.9    -2072.5     17.9     48.0     11.3 2014  4 14  4 12 24.000  4.4   2
      248  12.262611  -86.384399     4.886    -3002.0     2866.2    -2805.6     15.7     48.2     10.1 2014  4 14  5  7  3.000  5.6   2
      249  12.257643  -86.401367     2.497    -4847.8     2316.6    -5194.4     16.1     49.1     26.3 2014  4 14  5 11  6.000  3.1   2
      250  12.286056  -86.378833     5.644    -2395.6     5459.7    -2046.4     17.8     48.0     10.1 2014  4 14  5 17  7.000  2.9   2
      251  12.267078  -86.402262     8.619    -4945.5     3360.3      927.4     17.4     48.9     72.3 2014  4 14  5 25 27.000  3.1   2
      252  12.275253  -86.391439     4.833    -3767.8     4264.8    -2858.8     15.8     48.3     10.9 2014  4 14  5 39 43.000  3.0   2
      253  12.283863  -86.395239     0.617    -4181.1     5217.2    -7073.5     59.4     83.5     19.5 2014  4 14  5 43 53.000  4.6   2
      254  12.276493  -86.399593     5.597    -4654.8     4402.0    -2093.7     15.7     48.5     10.6 2014  4 14  5 49 29.000  3.5   2
      255  12.283462  -86.377409    13.755    -2240.6     5172.7     6063.9     76.0     82.6     50.9 2014  4 14  5 54 58.000  2.5   2
      256  12.280696  -86.376245     5.653    -2114.0     4866.8    -2037.2     16.7     47.9     10.0 2014  4 14  5 59 25.000  3.5   2
      257  12.235973  -86.417033    12.849    -6552.8      -80.5     5157.9     30.2     53.7     39.3 2014  4 14  6  5 24.000  3.5   2
      258  12.243260  -86.403101     7.407    -5036.8      725.5     -284.3     16.3     48.9     81.3 2014  4 14  6 12 31.000  4.0   2
      259  12.266289  -86.391772    13.540    -3804.1     3273.1     5848.0     71.2     71.3    165.6 2014  4 14  6 20 56.000  3.5   2
      261  12.240071  -86.417798    16.642    -6635.3      372.7     8950.6     27.9     55.4     31.8 2014  4 14  6 31  1.000  2.9   2
      262  12.216430  -86.426587    15.891    -7592.5    -2242.6     8199.9     82.5     92.3    114.7 2014  4 14  6 34 11.000  3.0   2
      263  12.262191  -86.393547     4.859    -3996.8     2819.7    -2833.0     15.4     48.5     10.7 2014  4 14  6 39  2.000  2.8   2
      265  12.262444  -86.386564     4.770    -3237.0     2847.8    -2921.8     16.2     48.4     10.7 2014  4 14  6 52 26.000  3.2   2
      267  12.267665  -86.391650     5.518    -3790.7     3425.3    -2173.1     16.3     48.5     10.5 2014  4 14  7 10  5.000  3.1   2
      270  12.254885  -86.392106     4.818    -3840.3     2011.5    -2873.7     15.6     49.0     12.1 2014  4 14  7 27 46.000  2.7   2
      271  12.273328  -86.384391     5.585    -3000.4     4051.7    -2105.1     16.1     48.2     10.1 2014  4 14  7 36 13.000  3.1   2
      282  12.273347  -86.383667     5.551    -2921.5     4053.8    -2139.3     16.1     48.2     10.4 2014  4 14  9  5 18.000  3.3   2
      284  12.274975  -86.391211     5.792    -3743.0     4233.9    -1899.5     15.8     48.3      9.9 2014  4 14  9 23 45.000  3.0   2
      291  12.285287  -86.411027     3.518    -5898.4     5374.8    -4172.7     22.1     49.5     15.8 2014  4 14 11 32  4.000  3.0   2
      292  12.245316  -86.450252    17.288   -10166.7      953.0     9596.2     32.2     56.6     38.9 2014  4 14 11 36 40.000  3.3   2
      293  12.277349  -86.410132     5.569    -5800.9     4496.6    -2121.2     16.3     48.9     11.2 2014  4 14 11 54 22.000  3.0   2
      294  12.279177  -86.416919     0.611    -6539.7     4698.8    -7079.7     28.4     43.0     13.2 2014  4 14 12 36 25.000  3.8   2
      295  12.259839  -86.393644     5.713    -4007.9     2559.5    -1977.8     15.7     48.8     12.4 2014  4 14 12 44 18.000  2.7   2
      300  12.257788  -86.400391     4.764    -4741.6     2332.7    -2927.1     15.4     49.0     12.0 2014  4 14 13 50 15.000  3.2   2
      304  12.263804  -86.396167     5.411    -4282.2     2998.1    -2280.7     16.4     48.7     11.5 2014  4 14 15 54 21.000  3.6   2
      305  12.256739  -86.395931     8.601    -4256.0     2216.6      909.1     42.2     57.9     68.6 2014  4 14 16 21 47.000  2.7   2
      306  12.272268  -86.423055     4.852    -7207.1     3934.4    -2839.1     16.5     49.5     12.7 2014  4 14 17  0 57.000  2.9   2
      310  12.270418  -86.407943     8.857    -5563.1     3729.9     1165.5     16.1     48.9     67.1 2014  4 14 18 14 22.000  3.7   2
      317  12.285321  -86.411011     5.557    -5896.4     5378.4    -2133.9     15.3     48.8     10.8 2014  4 14 20 51 29.000  3.3   2
      320  12.280166  -86.405981     4.757    -5349.9     4808.1    -2934.1     27.8     50.7     11.0 2014  4 14 21 40 33.000  3.4   2
      323  12.232337  -86.422119    14.705    -7106.1     -482.7     7013.5     35.8     53.2     48.4 2014  4 14 22 19 29.000  2.9   2
      330  12.261421  -86.423714    11.930    -7278.8     2734.5     4238.8     40.2     54.6     59.5 2014  4 15  0 53 43.000  2.5   2
      341  12.274722  -86.427498    14.866    -7690.3     4206.0     7174.8     39.2     53.4     55.0 2014  4 15  4  0 46.000  2.7   2
      342  12.235210  -86.361434     5.750     -503.2     -164.9    -1940.2     24.3     48.8     16.7 2014  4 15  4 15 46.000  2.6   2
      343  12.222569  -86.362769     5.743     -648.2    -1563.4    -1947.8     25.2     49.5     18.4 2014  4 15  4 28  7.000  4.2   2
      348  12.201603  -86.368327     5.924    -1252.6    -3882.7    -1766.6     26.1     53.4     19.7 2014  4 15  7  4  5.000  3.5   2
      360  12.264113  -86.403792     1.479    -5112.0     3032.4    -6212.7     33.9     52.8     41.2 2014  4 15 12  2  0.000  2.7   2
      362  12.276851  -86.389827     5.597    -3591.8     4441.5    -2093.3     15.7     48.2      9.7 2014  4 15 12 48 12.000  3.3   2
      398  12.199549  -86.401538     5.821    -4867.2    -4109.9    -1869.6     28.6     55.7     28.2 2014  4 16 22 44 53.000  2.8   2
      408  12.252933  -86.404590    14.868    -5198.4     1795.6     7176.4     27.4     53.2     32.9 2014  4 17  4 34 41.000  2.5   2
      429  12.199717  -86.400928     2.598    -4800.5    -4091.4    -5093.5     28.7     55.5     38.6 2014  4 17 22 32 17.000  3.7   2
      433  12.200097  -86.399121     3.813    -4603.7    -4049.4    -3878.6     27.3     54.7     33.3 2014  4 17 23 42 21.000  2.5   2
      449  12.267204  -86.408187    15.601    -5589.8     3374.3     7909.2     33.6     51.6     46.4 2014  4 18 14  9 20.000  2.6   2
      658  12.263161  -86.411271     4.894    -5925.5     2927.0    -2797.7     14.8     49.2     11.7 2014  5  2  2 48 41.000  3.6   2
      738  12.265461  -86.400309     2.863    -4732.4     3181.5    -4828.2     17.5     48.8     30.3 2014  5 15  1 49 57.000  2.5   2
      837  12.277479  -86.422534     3.510    -7150.7     4510.9    -4181.5     15.6     49.3     11.7 2014  6  1 11 38 16.000  3.6   2
      974  12.250593  -86.404297     4.929    -5166.2     1536.7    -2762.6     18.3     49.3     13.3 2014  6 26  7  0 32.000  2.5   2
