       42  12.250731  -86.389355     5.006    -3541.3     1552.1    -2685.0    140.9    131.7     29.1 2014  4 11  3 31 42.000  3.9   2
       43  12.297386  -86.388306    16.443    -3426.4     6713.1     8751.8    179.2    274.9    182.4 2014  4 11  3 38  6.000  3.5   2
       48  12.285557  -86.406364     5.595    -5391.5     5404.5    -2095.4    138.8    132.6     29.3 2014  4 11  4 35  9.000  3.1   2
       49  12.285920  -86.376506     5.601    -2142.6     5444.7    -2089.3    139.9    130.4     32.0 2014  4 11  5 20 13.000  2.7   2
       51  12.304939  -86.369800     3.238    -1412.7     7548.7    -4453.5    140.0    131.7     42.9 2014  4 11  5 29 38.000  2.7   2
       52  12.265193  -86.393408    12.473    -3981.8     3151.7     4781.3    150.9    138.5    119.1 2014  4 11  5 33 50.000  3.1   2
       53  12.291487  -86.377979     5.741    -2303.2     6060.5    -1949.1    139.9    130.5     34.6 2014  4 11  5 43 21.000  3.0   2
       69  12.286911  -86.408797    12.932    -5655.8     5554.4     5240.0    147.9    135.6     85.4 2014  4 11  9  1  7.000  2.7   2
       96  12.257741  -86.435376     4.801    -8548.0     2327.6    -2890.3    139.2    136.2     40.7 2014  4 11 14 10 36.000  2.6   2
       99  12.267986  -86.380070    10.831    -2530.3     3460.8     3139.1    158.9    166.4    160.8 2014  4 11 14 52 41.000  3.3   2
      102  12.258355  -86.427791    13.088    -7722.5     2395.4     5396.6    149.8    137.4     98.4 2014  4 11 15 56 52.000  3.3   2
      110  12.296619  -86.416903    10.729    -6537.7     6628.2     3037.6    212.9    236.9    414.0 2014  4 11 18 22 53.000  2.8   2
      121  12.286235  -86.407715    13.232    -5538.4     5479.5     5540.7    240.0    253.2    303.0 2014  4 11 19 99 33.000  3.0   2
      123  12.284284  -86.409530     2.033    -5735.7     5263.7    -5658.9    139.9    136.0    116.1 2014  4 11 21 38 53.000  3.3   2
      126  12.281804  -86.353060     3.334      407.8     4989.4    -4357.9    141.9    133.0    115.5 2014  4 11 21 51 32.000  3.7   2
      132  12.237634  -86.404321    13.365    -5169.5      103.2     5673.7    154.7    145.9     98.1 2014  4 12  0  8 11.000  4.1   2
      133  12.287485  -86.434375    11.176    -8438.5     5617.8     3484.3    160.2    163.6    180.3 2014  4 12  0 16 55.000  3.3   2
      134  12.257272  -86.414844     5.729    -6313.9     2275.7    -1961.5    139.7    133.1     29.5 2014  4 12  0 21 37.000  4.0   2
      137  12.280756  -86.403003    15.205    -5025.5     4873.4     7513.4    149.0    136.5     85.0 2014  4 12  2 50 42.000  2.9   2
      141  12.260833  -86.432048    12.728    -8185.6     2669.5     5036.7    151.7    151.6    146.8 2014  4 12  3 40 38.000  3.3   2
      155  12.259294  -86.414217     8.563    -6246.2     2499.2      871.5    139.9    133.5    294.0 2014  4 12 10  2  9.000  3.2   2
      157  12.291427  -86.382674     2.183    -2813.9     6053.9    -5508.7    139.7    131.7     96.9 2014  4 12 10 23 13.000  2.7   2
      178  12.284218  -86.389079     4.858    -3510.4     5256.4    -2833.5    139.5    131.8     30.9 2014  4 13  1 20  6.000  4.3   2
      183  12.263090  -86.417277     5.692    -6578.5     2919.2    -1998.0    139.3    133.6     28.3 2014  4 13  2  7 37.000  3.4   2
      228  12.275025  -86.390308    11.180    -3644.6     4239.6     3488.3    140.5    132.9    156.1 2014  4 13 17 41 35.000  3.1   2
      238  12.275260  -86.424194     5.707    -7331.2     4265.6    -1983.4    138.6    134.2     30.3 2014  4 14  0 27 46.000  2.6   2
      245  12.299759  -86.383114     5.670    -2861.7     6975.7    -2020.3    139.4    132.1     35.2 2014  4 14  4 12 24.000  4.4   2
      248  12.261340  -86.381925     4.902    -2732.2     2725.6    -2789.6    140.7    130.8     27.9 2014  4 14  5  7  3.000  5.6   2
      249  12.255533  -86.398999     2.650    -4589.9     2083.2    -5041.4    140.4    132.4     89.3 2014  4 14  5 11  6.000  3.1   2
      250  12.284853  -86.376408     5.647    -2132.2     5326.7    -2043.7    140.0    131.1     31.8 2014  4 14  5 17  7.000  2.9   2
      251  12.265850  -86.399471     7.843    -4641.2     3224.4      151.5    140.1    132.3    192.7 2014  4 14  5 25 27.000  3.1   2
      252  12.274239  -86.389079     4.833    -3510.9     4152.5    -2858.2    139.9    131.4     29.7 2014  4 14  5 39 43.000  3.0   2
      253  12.282951  -86.392106     0.631    -3840.2     5116.2    -7059.9    216.5    307.6     56.7 2014  4 14  5 43 53.000  4.6   2
      254  12.274227  -86.397290     5.662    -4404.0     4151.2    -2028.3    139.6    132.1     28.8 2014  4 14  5 49 29.000  3.5   2
      255  12.275005  -86.380575    13.296    -2585.1     4237.2     5604.5    169.1    164.2     96.7 2014  4 14  5 54 58.000  2.5   2
      256  12.279266  -86.373568     5.668    -1823.0     4708.6    -2022.8    140.4    130.8     30.9 2014  4 14  5 59 25.000  3.5   2
      257  12.235516  -86.412760    12.494    -6088.1     -131.1     4802.2    155.4    144.7    144.7 2014  4 14  6  5 24.000  3.5   2
      258  12.241466  -86.400163     8.105    -4716.6      527.1      413.8    141.3    131.8    177.0 2014  4 14  6 12 31.000  4.0   2
      259  12.275195  -86.380290    11.941    -2554.7     4258.3     4250.0    162.5    163.4    291.4 2014  4 14  6 20 56.000  3.5   2
      261  12.237481  -86.414616    16.671    -6289.1       86.2     8979.2    151.4    140.1     86.6 2014  4 14  6 31  1.000  2.9   2
      262  12.214495  -86.423112    15.884    -7213.9    -2456.6     8192.4    167.4    166.2    181.5 2014  4 14  6 34 11.000  3.0   2
      263  12.260717  -86.391081     4.885    -3728.4     2656.7    -2806.6    140.4    131.5     28.1 2014  4 14  6 39  2.000  2.8   2
      265  12.260630  -86.383944     4.813    -2951.7     2647.1    -2878.8    140.7    130.9     29.0 2014  4 14  6 52 26.000  3.2   2
      267  12.266218  -86.388420     5.518    -3439.1     3265.2    -2173.3    140.4    131.4     33.4 2014  4 14  7 10  5.000  3.1   2
      270  12.252763  -86.389583     4.880    -3565.5     1776.7    -2811.8    140.8    131.7     28.7 2014  4 14  7 27 46.000  2.7   2
      271  12.271879  -86.381836     5.608    -2722.7     3891.4    -2082.2    140.3    131.0     29.4 2014  4 14  7 36 13.000  3.1   2
      279  12.241702  -86.389242    13.086    -3528.3      553.2     5394.1    155.9    153.0    153.3 2014  4 14  8 49 18.000  2.7   2
      282  12.270832  -86.381160     5.640    -2649.4     3775.7    -2050.8    140.4    130.9     29.9 2014  4 14  9  5 18.000  3.3   2
      284  12.273396  -86.388794     5.826    -3479.7     4059.2    -1865.7    139.9    131.4     28.4 2014  4 14  9 23 45.000  3.0   2
      291  12.283727  -86.408423     3.565    -5615.0     5202.1    -4125.9    139.8    134.9     44.0 2014  4 14 11 32  4.000  3.0   2
      292  12.243046  -86.446826    17.264    -9794.0      701.9     9572.2    157.6    151.8    138.1 2014  4 14 11 36 40.000  3.3   2
      293  12.275378  -86.407397     5.618    -5503.7     4278.5    -2072.9    139.3    133.1     28.3 2014  4 14 11 54 22.000  3.0   2
      294  12.271991  -86.403573     0.810    -5087.6     3903.8    -6880.2    140.4    134.2    184.2 2014  4 14 12 36 25.000  3.8   2
      295  12.258162  -86.391089     5.746    -3729.4     2374.1    -1944.4    140.5    131.9     30.4 2014  4 14 12 44 18.000  2.7   2
      300  12.255956  -86.397729     4.800    -4452.1     2130.0    -2891.4    140.4    132.3     28.8 2014  4 14 13 50 15.000  3.2   2
      304  12.261848  -86.393123     5.467    -3951.0     2781.8    -2224.2    140.4    131.7     30.3 2014  4 14 15 54 21.000  3.6   2
      305  12.253306  -86.394686     8.870    -4120.8     1836.9     1178.0    152.1    154.7    174.4 2014  4 14 16 21 47.000  2.7   2
      306  12.270473  -86.420597     4.890    -6940.2     3736.0    -2801.0    139.1    134.3     29.6 2014  4 14 17  0 57.000  2.9   2
      310  12.268620  -86.405452     8.696    -5292.5     3530.9     1004.5    139.7    132.5    165.9 2014  4 14 18 14 22.000  3.7   2
      317  12.283152  -86.408447     5.615    -5618.1     5138.6    -2075.5    138.7    133.0     28.5 2014  4 14 20 51 29.000  3.3   2
      320  12.281825  -86.400627     4.812    -4766.9     4991.6    -2879.4    140.3    133.5     29.7 2014  4 14 21 40 33.000  3.4   2
      323  12.233681  -86.416463    14.132    -6490.3     -334.1     6440.3    151.6    138.7     93.0 2014  4 14 22 19 29.000  2.9   2
      330  12.259706  -86.420516    11.792    -6931.5     2544.8     4100.1    147.7    145.4    133.7 2014  4 15  0 53 43.000  2.5   2
      341  12.273681  -86.423535    14.627    -7259.2     4090.8     6936.0    149.5    143.0    120.4 2014  4 15  4  0 46.000  2.7   2
      342  12.234242  -86.359058     5.764     -244.7     -272.1    -1926.9    143.5    130.2     39.5 2014  4 15  4 15 46.000  2.6   2
      343  12.221585  -86.360913     5.779     -446.2    -1672.2    -1911.7    144.1    130.9     40.4 2014  4 15  4 28  7.000  4.2   2
      348  12.218696  -86.353158     5.830      397.3    -1991.8    -1860.6    150.3    144.2     41.7 2014  4 15  7  4  5.000  3.5   2
      360  12.259811  -86.403141     1.964    -5040.7     2556.5    -5727.6    140.7    133.5     93.3 2014  4 15 12  2  0.000  2.7   2
      362  12.274570  -86.387321     5.669    -3319.4     4189.1    -2021.9    140.0    131.3     28.8 2014  4 15 12 48 12.000  3.3   2
      398  12.217739  -86.385824     5.633    -3157.2    -2097.7    -2057.6    149.6    146.9     43.4 2014  4 16 22 44 53.000  2.8   2
      408  12.251111  -86.401050    14.774    -4813.6     1594.0     7082.4    150.4    136.6     88.9 2014  4 17  4 34 41.000  2.5   2
      415  12.190377  -86.381608     5.898    -2698.6    -5124.6    -1792.9    156.2    152.7     49.6 2014  4 17  9  7 38.000  2.5   2
      419  12.196757  -86.374552     5.869    -1930.7    -4418.7    -1821.6    155.6    151.3     45.1 2014  4 17 10 36 59.000  2.5   2
      429  12.217870  -86.385018     2.959    -3068.8    -2083.2    -4732.6    149.8    146.9    103.0 2014  4 17 22 32 17.000  3.7   2
      433  12.218014  -86.383162     4.152    -2867.2    -2067.3    -3539.3    149.9    146.6     94.0 2014  4 17 23 42 21.000  2.5   2
      449  12.268605  -86.403328    15.163    -5060.6     3529.2     7471.7    149.4    134.3     84.2 2014  4 18 14  9 20.000  2.6   2
      658  12.261328  -86.408781     4.928    -5654.3     2724.2    -2763.4    139.7    133.0     28.3 2014  5  2  2 48 41.000  3.6   2
      738  12.264055  -86.397917     2.791    -4471.9     3026.0    -4900.4    140.2    132.1     94.5 2014  5 15  1 49 57.000  2.5   2
      837  12.275692  -86.419897     3.560    -6864.0     4313.3    -4131.8    138.8    133.9     29.2 2014  6  1 11 38 16.000  3.6   2
      974  12.248664  -86.401644     4.975    -4877.5     1323.4    -2716.3    140.9    132.9     33.4 2014  6 26  7  0 32.000  2.5   2
