       42  12.254979  -86.392367     4.954    -3868.8     2022.0    -2737.8     12.9     14.2      7.5 2014  4 11  3 31 42.000  3.9   2
       48  12.290332  -86.409245     5.524    -5704.5     5932.8    -2166.9     12.7     13.9      7.4 2014  4 11  4 35  9.000  3.1   2
       49  12.290603  -86.379224     5.522    -2438.5     5962.7    -2168.3     12.7     13.7      7.5 2014  4 11  5 20 13.000  2.7   2
       51  12.309305  -86.372518     3.192    -1708.8     8031.7    -4499.5     12.7     13.8      7.8 2014  4 11  5 29 38.000  2.7   2
       52  12.269096  -86.396981    12.566    -4370.6     3583.5     4874.3     14.1     15.9     12.0 2014  4 11  5 33 50.000  3.1   2
       53  12.295606  -86.380721     5.704    -2601.1     6516.3    -1986.3     12.7     13.6      7.6 2014  4 11  5 43 21.000  3.0   2
       69  12.285589  -86.413859    13.563    -6206.7     5408.0     5871.9     15.8     26.0     21.7 2014  4 11  9  1  7.000  2.7   2
       96  12.262653  -86.438704     4.746    -8910.5     2870.8    -2945.3     13.1     14.6      7.7 2014  4 11 14 10 36.000  2.6   2
       99  12.257891  -86.393571    11.735    -3999.8     2344.1     4043.2     16.5     19.4     19.6 2014  4 11 14 52 41.000  3.3   2
      102  12.256234  -86.433244    13.886    -8316.0     2160.7     6194.7     16.1     26.1     21.4 2014  4 11 15 56 52.000  3.3   2
      123  12.284878  -86.415592     1.768    -6395.2     5329.4    -5923.6     13.6     15.2     13.9 2014  4 11 21 38 53.000  3.3   2
      126  12.285781  -86.355981     3.110       90.3     5429.4    -4581.4     13.0     14.2     12.4 2014  4 11 21 51 32.000  3.7   2
      132  12.200831  -86.435425    14.282    -8554.4    -3968.1     6590.1     31.4     39.0     39.3 2014  4 12  0  8 11.000  4.1   2
      133  12.297653  -86.430819    12.307    -8051.2     6742.7     4615.1     18.5     26.9     42.5 2014  4 12  0 16 55.000  3.3   2
      134  12.262085  -86.417757     5.654    -6630.8     2808.0    -2036.7     12.9     14.3      7.5 2014  4 12  0 21 37.000  4.0   2
      137  12.280674  -86.408219    15.749    -5593.1     4864.4     8057.6     15.9     26.1     21.1 2014  4 12  2 50 42.000  2.9   2
      141  12.256841  -86.438200    13.655    -8854.9     2227.9     5963.4     16.0     27.2     21.5 2014  4 12  3 40 38.000  3.3   2
      155  12.263799  -86.417065     8.762    -6555.9     2997.6     1070.6     13.0     14.3     37.7 2014  4 12 10  2  9.000  3.2   2
      157  12.295762  -86.385295     2.095    -3099.2     6533.5    -5596.5     12.7     13.9     10.1 2014  4 12 10 23 13.000  2.7   2
      178  12.288527  -86.391813     4.818    -3807.9     5733.1    -2873.5     12.7     13.9      7.5 2014  4 13  1 20  6.000  4.3   2
      183  12.268048  -86.419889     5.602    -6862.5     3467.7    -2088.6     12.9     14.4      7.5 2014  4 13  2  7 37.000  3.4   2
      228  12.264522  -86.404395    12.109    -5176.8     3077.7     4417.7     16.6     19.3     19.4 2014  4 13 17 41 35.000  3.1   2
      238  12.280216  -86.426831     5.609    -7617.7     4813.8    -2081.3     12.9     14.3      7.5 2014  4 14  0 27 46.000  2.6   2
      245  12.304587  -86.386125     5.606    -3188.9     7509.7    -2084.9     12.7     13.7      7.6 2014  4 14  4 12 24.000  4.4   2
      248  12.265370  -86.384562     4.856    -3019.7     3171.4    -2835.6     12.9     13.9      7.5 2014  4 14  5  7  3.000  5.6   2
      249  12.260673  -86.401611     2.410    -4874.3     2651.8    -5281.6     12.9     14.2      8.8 2014  4 14  5 11  6.000  3.1   2
      250  12.288708  -86.379403     5.637    -2458.0     5753.1    -2053.3     12.7     13.8      7.5 2014  4 14  5 17  7.000  2.9   2
      251  12.269883  -86.402645     8.782    -4986.9     3670.6     1090.9     12.9     14.1     23.6 2014  4 14  5 25 27.000  3.1   2
      252  12.277752  -86.391707     4.825    -3796.7     4541.2    -2866.6     12.8     13.9      7.5 2014  4 14  5 39 43.000  3.0   2
      253  12.289110  -86.393823     0.611    -4026.4     5797.6    -7079.7     24.0     34.5      6.1 2014  4 14  5 43 53.000  4.6   2
      254  12.279348  -86.399674     5.560    -4663.0     4717.7    -2130.1     12.8     14.0      7.5 2014  4 14  5 49 29.000  3.5   2
      255  12.293985  -86.370304    13.900    -1467.6     6336.9     6208.5     48.1     51.8     45.2 2014  4 14  5 54 58.000  2.5   2
      256  12.283417  -86.376473     5.629    -2139.1     5167.8    -2061.8     12.8     13.8      7.5 2014  4 14  5 59 25.000  3.5   2
      257  12.236115  -86.416626    12.842    -6508.6      -65.0     5150.3     13.3     26.4     13.2 2014  4 14  6  5 24.000  3.5   2
      258  12.246033  -86.403337     8.289    -5061.8     1032.2      597.1     13.0     14.2     24.4 2014  4 14  6 12 31.000  4.0   2
      259  12.258053  -86.396159    10.927    -4280.8     2361.9     3235.4     16.8     20.2     46.2 2014  4 14  6 20 56.000  3.5   2
      261  12.240026  -86.417350    16.664    -6586.8      367.8     8972.8     13.4     27.2     11.7 2014  4 14  6 31  1.000  2.9   2
      262  12.211758  -86.430290    16.709    -7995.4    -2759.3     9017.7     14.2     28.1     11.0 2014  4 14  6 34 11.000  3.0   2
      263  12.264933  -86.393937     4.841    -4039.4     3123.1    -2851.0     12.9     14.0      7.5 2014  4 14  6 39  2.000  2.8   2
      265  12.265230  -86.386759     4.737    -3257.9     3155.9    -2954.7     12.9     14.0      7.5 2014  4 14  6 52 26.000  3.2   2
      267  12.270558  -86.391878     5.481    -3814.9     3745.3    -2210.1     12.8     14.0      7.5 2014  4 14  7 10  5.000  3.1   2
      270  12.257883  -86.392139     4.768    -3843.4     2343.1    -2923.0     12.9     14.3      7.5 2014  4 14  7 27 46.000  2.7   2
      271  12.276101  -86.384635     5.560    -3027.5     4358.5    -2130.4     12.8     13.9      7.5 2014  4 14  7 36 13.000  3.1   2
      282  12.276208  -86.383773     5.513    -2933.2     4370.4    -2177.4     12.8     13.9      7.5 2014  4 14  9  5 18.000  3.3   2
      284  12.277740  -86.391650     5.776    -3790.5     4539.9    -1915.9     12.8     13.9      7.4 2014  4 14  9 23 45.000  3.0   2
      291  12.288196  -86.411206     3.487    -5918.1     5696.5    -4203.4     13.0     14.4      7.7 2014  4 14 11 32  4.000  3.0   2
      292  12.245262  -86.449870    17.302   -10125.5      947.0     9610.4     14.2     27.7     12.1 2014  4 14 11 36 40.000  3.3   2
      293  12.280162  -86.410482     5.546    -5839.2     4807.7    -2144.5     12.8     14.2      7.5 2014  4 14 11 54 22.000  3.0   2
      294  12.282637  -86.415951     0.616    -6433.9     5081.5    -7074.6     24.1     32.5      5.2 2014  4 14 12 36 25.000  3.8   2
      295  12.262982  -86.394059     5.671    -4053.0     2907.3    -2019.1     12.9     14.1      7.5 2014  4 14 12 44 18.000  2.7   2
      300  12.260871  -86.400675     4.727    -4772.7     2673.8    -2964.9     12.9     14.2      7.5 2014  4 14 13 50 15.000  3.2   2
      304  12.266728  -86.396411     5.378    -4308.6     3321.6    -2313.5     12.9     14.1      7.5 2014  4 14 15 54 21.000  3.6   2
      305  12.262717  -86.393962     8.678    -4041.9     2877.9      986.3     16.0     18.3     22.4 2014  4 14 16 21 47.000  2.7   2
      306  12.275402  -86.423315     4.817    -7235.2     4281.1    -2874.4     12.9     14.5      7.6 2014  4 14 17  0 57.000  2.9   2
      310  12.273376  -86.408057     8.615    -5575.1     4057.1      923.1     12.9     14.2     25.6 2014  4 14 18 14 22.000  3.7   2
      317  12.288087  -86.411133     5.530    -5910.3     5684.5    -2160.3     12.8     14.0      7.5 2014  4 14 20 51 29.000  3.3   2
      320  12.282495  -86.406567     4.720    -5413.4     5065.8    -2971.1     13.5     14.8      7.5 2014  4 14 21 40 33.000  3.4   2
      323  12.231835  -86.422144    14.793    -7108.3     -538.3     7101.8     16.2     26.7     21.2 2014  4 14 22 19 29.000  2.9   2
      330  12.261003  -86.423861    12.028    -7295.1     2688.3     4336.9     15.9     25.7     22.8 2014  4 15  0 53 43.000  2.5   2
      341  12.274816  -86.427279    14.903    -7667.1     4216.3     7211.7     15.8     25.9     21.3 2014  4 15  4  0 46.000  2.7   2
      342  12.237950  -86.361328     5.706     -491.6      138.1    -1984.6     13.4     14.3      7.8 2014  4 15  4 15 46.000  2.6   2
      343  12.225335  -86.362695     5.697     -639.9    -1257.5    -1993.9     13.5     14.6      8.0 2014  4 15  4 28  7.000  4.2   2
      348  12.205576  -86.367391     5.859    -1150.8    -3443.2    -1831.2     18.6     21.8      8.5 2014  4 15  7  4  5.000  3.5   2
      360  12.266870  -86.404150     1.233    -5150.4     3337.3    -6458.2     14.2     15.7     15.9 2014  4 15 12  2  0.000  2.7   2
      362  12.279690  -86.390194     5.572    -3631.7     4755.4    -2118.6     12.8     13.9      7.5 2014  4 15 12 48 12.000  3.3   2
      398  12.203817  -86.400643     5.743    -4769.7    -3637.8    -1947.4     19.0     22.7     10.3 2014  4 16 22 44 53.000  2.8   2
      408  12.253108  -86.404142    14.850    -5149.5     1814.9     7159.0     13.1     26.4     11.7 2014  4 17  4 34 41.000  2.5   2
      429  12.203931  -86.400195     2.495    -4720.7    -3625.2    -5196.8     19.0     22.7     12.9 2014  4 17 22 32 17.000  3.7   2
      433  12.204250  -86.397982     3.757    -4479.5    -3589.9    -3934.4     19.0     22.3     11.3 2014  4 17 23 42 21.000  2.5   2
      449  12.266677  -86.408146    15.674    -5584.9     3315.9     7982.9     15.6     25.9     20.6 2014  4 18 14  9 20.000  2.6   2
      658  12.266085  -86.411458     4.859    -5945.6     3250.5    -2832.1     12.9     14.2      7.5 2014  5  2  2 48 41.000  3.6   2
      738  12.268331  -86.400553     2.803    -4759.1     3498.9    -4888.6     12.9     14.1      8.8 2014  5 15  1 49 57.000  2.5   2
      837  12.280439  -86.422754     3.473    -7174.0     4838.4    -4218.9     12.8     14.2      7.5 2014  6  1 11 38 16.000  3.6   2
      974  12.253575  -86.404541     4.894    -5193.3     1866.6    -2797.7     13.1     14.4      7.6 2014  6 26  7  0 32.000  2.5   2
