       42  12.252933  -86.391968     4.989    -3825.2     1795.5    -2702.8    130.5    118.2     30.8 2014  4 11  3 31 42.000  3.9   2
       43  12.304310  -86.382113    14.442    -2752.8     7479.1     6750.2    244.8    228.8    567.0 2014  4 11  3 38  6.000  3.5   2
       48  12.288076  -86.408830     5.572    -5659.4     5683.2    -2118.3    128.5    119.7     30.9 2014  4 11  4 35  9.000  3.1   2
       49  12.288339  -86.379012     5.579    -2414.9     5712.4    -2111.9    129.7    117.7     32.5 2014  4 11  5 20 13.000  2.7   2
       51  12.307300  -86.372217     3.229    -1676.2     7809.8    -4462.9    129.9    119.4     41.6 2014  4 11  5 29 38.000  2.7   2
       52  12.267234  -86.396143    12.505    -4279.1     3377.6     4813.3    140.0    130.5    115.8 2014  4 11  5 33 50.000  3.1   2
       53  12.293803  -86.380420     5.729    -2568.4     6316.7    -1961.1    129.7    118.3     34.2 2014  4 11  5 43 21.000  3.0   2
       69  12.289118  -86.411727    13.024    -5974.6     5798.5     5332.4    137.3    120.7     82.4 2014  4 11  9  1  7.000  2.7   2
       96  12.260349  -86.437809     4.777    -8812.7     2615.9    -2914.4    128.6    122.5     39.0 2014  4 11 14 10 36.000  2.6   2
       99  12.269035  -86.383154    11.344    -2866.4     3576.8     3652.6    143.7    144.6    158.8 2014  4 11 14 52 41.000  3.3   2
      102  12.260754  -86.430941    13.231    -8065.1     2660.8     5539.2    138.9    122.2     94.3 2014  4 11 15 56 52.000  3.3   2
      110  12.302910  -86.416561    12.647    -6500.4     7324.3     4955.4    266.0    306.6    477.2 2014  4 11 18 22 53.000  2.8   2
      121  12.286509  -86.404354     8.976    -5172.8     5509.9     1284.5    247.5    331.6    559.6 2014  4 11 19 99 33.000  3.0   2
      123  12.286260  -86.412419     1.870    -6049.5     5482.4    -5821.4    130.1    122.9     99.6 2014  4 11 21 38 53.000  3.3   2
      126  12.283864  -86.355615     3.250      130.4     5217.3    -4441.4    131.7    119.9    103.1 2014  4 11 21 51 32.000  3.7   2
      132  12.240568  -86.407414    13.451    -5506.0      427.7     5759.9    146.2    139.3     95.0 2014  4 12  0  8 11.000  4.1   2
      133  12.294008  -86.434180    10.544    -8417.3     6339.5     2852.7    159.9    160.6    199.1 2014  4 12  0 16 55.000  3.3   2
      134  12.259626  -86.417375     5.711    -6589.5     2536.0    -1979.5    129.3    119.6     30.4 2014  4 12  0 21 37.000  4.0   2
      137  12.283672  -86.406079    15.284    -5359.9     5196.1     7592.6    138.4    122.4     82.8 2014  4 12  2 50 42.000  2.9   2
      141  12.262062  -86.435579    12.954    -8570.2     2805.4     5262.1    143.7    139.8    147.5 2014  4 12  3 40 38.000  3.3   2
      155  12.261694  -86.416691     8.168    -6515.4     2764.8      476.3    129.5    120.1    301.3 2014  4 12 10  2  9.000  3.2   2
      157  12.293711  -86.385116     2.108    -3079.3     6306.6    -5583.2    129.5    119.1     99.0 2014  4 12 10 23 13.000  2.7   2
      178  12.286412  -86.391577     4.852    -3782.0     5499.1    -2839.6    129.3    118.9     31.4 2014  4 13  1 20  6.000  4.3   2
      183  12.265592  -86.419694     5.671    -6841.4     3196.0    -2019.9    128.9    120.0     30.2 2014  4 13  2  7 37.000  3.4   2
      228  12.276760  -86.392871    11.721    -3923.1     4431.4     4029.1    130.4    120.8    156.6 2014  4 13 17 41 35.000  3.1   2
      238  12.277832  -86.426660     5.680    -7599.5     4550.0    -2010.6    128.2    120.8     31.6 2014  4 14  0 27 46.000  2.6   2
      245  12.302427  -86.385596     5.644    -3132.0     7270.7    -2046.6    129.2    119.6     34.9 2014  4 14  4 12 24.000  4.4   2
      248  12.263472  -86.384399     4.895    -3001.6     2961.5    -2796.3    130.4    117.6     30.6 2014  4 14  5  7  3.000  5.6   2
      249  12.257940  -86.401465     2.524    -4858.5     2349.5    -5167.5    130.0    118.8     85.1 2014  4 14  5 11  6.000  3.1   2
      250  12.287012  -86.378955     5.635    -2409.3     5565.5    -2055.2    129.8    118.5     32.3 2014  4 14  5 17  7.000  2.9   2
      251  12.267900  -86.402124     8.211    -4930.3     3451.3      519.9    129.7    119.1    171.6 2014  4 14  5 25 27.000  3.1   2
      252  12.276390  -86.391553     4.824    -3779.4     4390.5    -2867.1    129.6    118.4     31.2 2014  4 14  5 39 43.000  3.0   2
      253  12.284978  -86.392969     0.655    -3933.8     5340.5    -7035.5    153.8    213.3     46.2 2014  4 14  5 43 53.000  4.6   2
      254  12.276770  -86.399756     5.634    -4672.4     4432.5    -2056.2    129.3    119.1     31.0 2014  4 14  5 49 29.000  3.5   2
      255  12.280555  -86.380884    13.371    -2619.0     4851.3     5679.7    184.1    191.3     94.9 2014  4 14  5 54 58.000  2.5   2
      256  12.281519  -86.376099     5.658    -2098.4     4957.8    -2032.2    130.2    118.0     32.2 2014  4 14  5 59 25.000  3.5   2
      257  12.238063  -86.416089    12.643    -6449.9      150.6     4951.2    143.5    126.7    130.2 2014  4 14  6  5 24.000  3.5   2
      258  12.243728  -86.402856     7.816    -5009.9      777.2      125.0    130.7    118.3    173.8 2014  4 14  6 12 31.000  4.0   2
      259  12.276900  -86.383065    12.930    -2856.3     4446.9     5238.2    147.1    147.7    419.8 2014  4 14  6 20 56.000  3.5   2
      261  12.240574  -86.417684    16.712    -6623.7      428.4     9020.0    140.3    126.5     83.5 2014  4 14  6 31  1.000  2.9   2
      262  12.218405  -86.425423    15.769    -7465.3    -2024.0     8077.5    180.4    186.4    224.5 2014  4 14  6 34 11.000  3.0   2
      263  12.263032  -86.393538     4.869    -3995.9     2912.8    -2822.7    130.1    118.2     30.5 2014  4 14  6 39  2.000  2.8   2
      265  12.262966  -86.386475     4.793    -3227.5     2905.5    -2898.0    130.4    117.8     30.7 2014  4 14  6 52 26.000  3.2   2
      267  12.268320  -86.391227     5.520    -3744.9     3497.7    -2171.1    130.0    118.2     31.4 2014  4 14  7 10  5.000  3.1   2
      270  12.255098  -86.392082     4.859    -3837.9     2035.2    -2832.8    130.4    118.2     30.8 2014  4 14  7 27 46.000  2.7   2
      271  12.274184  -86.384375     5.589    -2999.1     4146.5    -2101.0    130.0    118.1     31.1 2014  4 14  7 36 13.000  3.1   2
      279  12.239786  -86.394352    13.703    -4084.5      341.2     6011.8    151.0    154.5    165.2 2014  4 14  8 49 18.000  2.7   2
      282  12.273234  -86.383667     5.618    -2921.4     4041.3    -2072.4    130.1    117.9     31.3 2014  4 14  9  5 18.000  3.3   2
      284  12.275648  -86.391268     5.810    -3748.7     4308.4    -1881.9    129.6    118.4     30.3 2014  4 14  9 23 45.000  3.0   2
      291  12.286023  -86.410978     3.541    -5892.8     5456.1    -4149.2    129.3    121.7     41.9 2014  4 14 11 32  4.000  3.0   2
      292  12.246083  -86.449967    17.329   -10135.6     1037.7     9637.9    147.1    139.9    133.4 2014  4 14 11 36 40.000  3.3   2
      293  12.277952  -86.409904     5.591    -5776.4     4563.3    -2099.3    128.9    119.9     30.7 2014  4 14 11 54 22.000  3.0   2
      294  12.285136  -86.412785     0.603    -6089.8     5358.0    -7087.5    373.5    474.7    113.9 2014  4 14 12 36 25.000  3.8   2
      295  12.260337  -86.393587     5.735    -4001.1     2614.7    -1955.4    130.1    118.5     31.8 2014  4 14 12 44 18.000  2.7   2
      300  12.258355  -86.400171     4.784    -4717.4     2395.4    -2907.2    130.0    118.7     30.5 2014  4 14 13 50 15.000  3.2   2
      304  12.264100  -86.395825     5.445    -4244.3     3031.0    -2246.1    130.0    118.5     31.7 2014  4 14 15 54 21.000  3.6   2
      305  12.259177  -86.394255     8.913    -4073.9     2486.3     1221.5    141.9    142.6    169.1 2014  4 14 16 21 47.000  2.7   2
      306  12.272961  -86.422982     4.871    -7199.2     4011.2    -2820.5    128.7    120.8     31.3 2014  4 14 17  0 57.000  2.9   2
      310  12.270978  -86.407918     8.857    -5560.2     3791.7     1165.2    129.4    119.3    155.3 2014  4 14 18 14 22.000  3.7   2
      317  12.285803  -86.410905     5.587    -5885.4     5431.8    -2103.8    128.5    120.0     30.4 2014  4 14 20 51 29.000  3.3   2
      320  12.283651  -86.403548     4.792    -5084.5     5193.7    -2899.4    130.4    120.7     31.1 2014  4 14 21 40 33.000  3.4   2
      323  12.236433  -86.419751    14.231    -6848.3      -29.7     6539.5    140.5    123.1     90.0 2014  4 14 22 19 29.000  2.9   2
      330  12.263846  -86.422323    11.611    -7127.3     3002.8     3919.7    136.6    133.1    124.9 2014  4 15  0 53 43.000  2.5   2
      341  12.277369  -86.425773    14.549    -7503.3     4498.8     6858.0    137.8    128.7    107.8 2014  4 15  4  0 46.000  2.7   2
      342  12.236261  -86.361605     5.756     -521.6      -48.7    -1934.7    133.2    117.1     39.2 2014  4 15  4 15 46.000  2.6   2
      343  12.223579  -86.363387     5.768     -715.5    -1451.6    -1922.4    133.8    117.8     41.4 2014  4 15  4 28  7.000  4.2   2
      348  12.216525  -86.358724     5.839     -207.7    -2232.0    -1851.9    143.3    144.7     43.1 2014  4 15  7  4  5.000  3.5   2
      360  12.262140  -86.405680     1.336    -5316.7     2814.1    -6355.2    130.2    120.3    160.5 2014  4 15 12  2  0.000  2.7   2
      362  12.277042  -86.389795     5.646    -3588.6     4462.6    -2044.9    129.7    118.4     31.1 2014  4 15 12 48 12.000  3.3   2
      398  12.215429  -86.391423     5.659    -3765.7    -2353.3    -2031.6    143.0    147.7     45.5 2014  4 16 22 44 53.000  2.8   2
      408  12.254087  -86.404093    14.834    -5144.3     1923.2     7142.3    139.6    122.7     86.3 2014  4 17  4 34 41.000  2.5   2
      415  12.188304  -86.387207     5.954    -3307.8    -5353.9    -1736.0    148.2    152.2     51.1 2014  4 17  9  7 38.000  2.5   2
      419  12.194798  -86.379948     5.911    -2517.2    -4635.5    -1779.7    147.5    150.7     47.5 2014  4 17 10 36 59.000  2.5   2
      429  12.215546  -86.390682     2.854    -3685.9    -2340.3    -4837.9    143.1    147.7    101.3 2014  4 17 22 32 17.000  3.7   2
      433  12.215708  -86.388843     4.060    -3485.5    -2322.3    -3631.1    143.3    147.5     93.1 2014  4 17 23 42 21.000  2.5   2
      449  12.271006  -86.406331    15.242    -5388.0     3794.9     7551.0    138.6    120.4     81.7 2014  4 18 14  9 20.000  2.6   2
      658  12.263733  -86.411239     4.909    -5922.0     2990.3    -2783.0    129.3    119.5     30.2 2014  5  2  2 48 41.000  3.6   2
      738  12.266433  -86.400081     2.748    -4707.8     3289.0    -4943.9    129.8    118.9     90.9 2014  5 15  1 49 57.000  2.5   2
      837  12.278079  -86.422453     3.536    -7141.4     4577.4    -4155.4    128.4    120.6     30.7 2014  6  1 11 38 16.000  3.6   2
      974  12.251030  -86.404150     4.954    -5150.5     1585.1    -2737.0    130.4    119.5     33.9 2014  6 26  7  0 32.000  2.5   2
