       42  12.253778  -86.393840     4.981    -4029.0     1889.1    -2710.4    108.2     80.1     22.5 2014  4 11  3 31 42.000  3.9   2
       43  12.298157  -86.394800    22.051    -4132.5     6798.4    14359.4    158.8    185.8    433.1 2014  4 11  3 38  6.000  3.5   2
       48  12.289088  -86.410669     5.556    -5859.7     5795.2    -2134.4    106.6     82.9     23.4 2014  4 11  4 35  9.000  3.1   2
       49  12.289293  -86.380835     5.563    -2613.7     5817.9    -2127.8    107.5     81.4     25.0 2014  4 11  5 20 13.000  2.7   2
       51  12.308154  -86.374015     3.218    -1872.0     7904.3    -4473.7    107.6     83.9     33.3 2014  4 11  5 29 38.000  2.7   2
       52  12.267975  -86.398389    12.572    -4523.3     3459.6     4880.7    115.8    100.8     87.7 2014  4 11  5 33 50.000  3.1   2
       53  12.294703  -86.382251     5.717    -2767.9     6416.4    -1973.0    107.5     82.9     26.5 2014  4 11  5 43 21.000  3.0   2
       69  12.289152  -86.414054    13.132    -6228.1     5802.2     5440.9    114.3     85.1     70.5 2014  4 11  9  1  7.000  2.7   2
       96  12.261274  -86.439705     4.768    -9018.6     2718.3    -2923.3    106.8     84.1     30.3 2014  4 11 14 10 36.000  2.6   2
       99  12.266191  -86.387858    11.438    -3378.2     3262.2     3746.9    123.6    121.7    128.2 2014  4 11 14 52 41.000  3.3   2
      102  12.260743  -86.433358    13.348    -8328.3     2659.6     5656.3    115.4     84.0     75.0 2014  4 11 15 56 52.000  3.3   2
      110  12.272362  -86.442147     8.142    -9284.8     3944.9      450.5    292.6    338.7    439.8 2014  4 11 18 22 53.000  2.8   2
      123  12.286943  -86.414453     1.819    -6271.3     5557.9    -5872.7    109.1     88.9     61.4 2014  4 11 21 38 53.000  3.3   2
      126  12.284639  -86.357438     3.200      -67.9     5303.1    -4491.9    108.9     84.4     80.9 2014  4 11 21 51 32.000  3.7   2
      132  12.240423  -86.410010    13.506    -5788.0      411.6     5814.4    122.7    105.7     77.3 2014  4 12  0  8 11.000  4.1   2
      133  12.304123  -86.428825    11.112    -7834.6     7458.4     3420.1    151.1    161.4    257.4 2014  4 12  0 16 55.000  3.3   2
      134  12.260558  -86.419238     5.702    -6792.5     2639.1    -1988.7    107.3     81.4     21.9 2014  4 12  0 21 37.000  4.0   2
      137  12.284005  -86.408423    15.367    -5615.0     5232.9     7675.8    115.0     83.1     68.6 2014  4 12  2 50 42.000  2.9   2
      141  12.260417  -86.438867    13.258    -8928.2     2623.5     5566.9    120.0    113.8    121.8 2014  4 12  3 40 38.000  3.3   2
      155  12.262577  -86.418522     8.164    -6713.9     2862.4      473.0    107.4     82.3    266.8 2014  4 12 10  2  9.000  3.2   2
      157  12.294570  -86.386898     2.077    -3273.0     6401.6    -5614.8    107.3     82.8     78.8 2014  4 12 10 23 13.000  2.7   2
      178  12.287276  -86.393376     4.847    -3977.9     5594.7    -2844.4    107.2     82.1     24.0 2014  4 13  1 20  6.000  4.3   2
      183  12.266510  -86.421549     5.659    -7043.2     3297.5    -2031.1    107.0     81.8     21.3 2014  4 13  2  7 37.000  3.4   2
      228  12.271633  -86.399341    11.943    -4626.9     3864.2     4251.3    130.9    133.3    133.6 2014  4 13 17 41 35.000  3.1   2
      238  12.278934  -86.428516     5.660    -7801.6     4671.9    -2031.0    106.4     82.9     23.0 2014  4 14  0 27 46.000  2.6   2
      245  12.303516  -86.387467     5.623    -3335.4     7391.2    -2067.0    107.1     83.8     27.1 2014  4 14  4 12 24.000  4.4   2
      248  12.264188  -86.386255     4.892    -3203.2     3040.6    -2799.3    108.1     80.4     22.8 2014  4 14  5  7  3.000  5.6   2
      249  12.258956  -86.403280     2.433    -5056.2     2461.9    -5258.1    107.8     81.0     67.6 2014  4 14  5 11  6.000  3.1   2
      250  12.287863  -86.380729     5.630    -2601.9     5659.7    -2060.5    107.6     82.2     24.9 2014  4 14  5 17  7.000  2.9   2
      251  12.268693  -86.404020     8.349    -5136.5     3539.0      657.6    107.6     81.8    136.4 2014  4 14  5 25 27.000  3.1   2
      252  12.277251  -86.393359     4.816    -3976.4     4485.7    -2875.0    107.5     81.5     23.4 2014  4 14  5 39 43.000  3.0   2
      253  12.285207  -86.394279     0.667    -4076.6     5365.8    -7023.4     97.3    102.7     29.7 2014  4 14  5 43 53.000  4.6   2
      254  12.277833  -86.401530     5.617    -4865.5     4550.1    -2073.5    107.2     82.0     23.2 2014  4 14  5 49 29.000  3.5   2
      255  12.281929  -86.382218    13.460    -2764.5     5003.1     5768.6    151.9    147.4     79.3 2014  4 14  5 54 58.000  2.5   2
      256  12.282312  -86.378011     5.654    -2306.2     5045.6    -2036.9    107.9     81.4     24.6 2014  4 14  5 59 25.000  3.5   2
      257  12.238139  -86.418530    12.746    -6715.5      159.0     5054.6    121.2     97.6    116.6 2014  4 14  6  5 24.000  3.5   2
      258  12.244606  -86.404793     7.665    -5220.8      874.4      -26.5    108.4     80.5    145.4 2014  4 14  6 12 31.000  4.0   2
      259  12.274864  -86.387630    13.439    -3352.9     4221.7     5747.5    144.0    136.5    338.6 2014  4 14  6 20 56.000  3.5   2
      261  12.241228  -86.419889    16.713    -6863.7      500.7     9021.7    116.3     85.6     64.8 2014  4 14  6 31  1.000  2.9   2
      262  12.220335  -86.426383    15.512    -7569.8    -1810.5     7820.2    118.3     91.0    105.5 2014  4 14  6 34 11.000  3.0   2
      263  12.263809  -86.395361     4.862    -4194.5     2998.8    -2829.9    107.9     80.8     22.7 2014  4 14  6 39  2.000  2.8   2
      265  12.263890  -86.388338     4.781    -3430.1     3007.6    -2910.0    108.1     80.6     23.0 2014  4 14  6 52 26.000  3.2   2
      267  12.269144  -86.393286     5.523    -3968.7     3588.9    -2169.0    107.8     81.0     23.3 2014  4 14  7 10  5.000  3.1   2
      270  12.256054  -86.393929     4.844    -4038.5     2140.8    -2847.1    108.1     80.1     22.4 2014  4 14  7 27 46.000  2.7   2
      271  12.274998  -86.386206     5.583    -3198.5     4236.5    -2107.5    107.8     81.2     23.5 2014  4 14  7 36 13.000  3.1   2
      279  12.231116  -86.401986    15.089    -4915.6     -617.9     7397.0    143.0    164.3    186.4 2014  4 14  8 49 18.000  2.7   2
      282  12.274299  -86.385522     5.595    -3124.1     4159.1    -2095.3    107.9     81.1     23.9 2014  4 14  9  5 18.000  3.3   2
      284  12.276523  -86.393050     5.800    -3942.9     4405.2    -1892.0    107.5     81.4     22.5 2014  4 14  9 23 45.000  3.0   2
      291  12.286892  -86.412793     3.529    -6090.4     5552.2    -4161.7    107.3     84.9     32.9 2014  4 14 11 32  4.000  3.0   2
      292  12.246621  -86.452246    17.349   -10383.8     1097.3     9657.1    120.0     97.4    102.5 2014  4 14 11 36 40.000  3.3   2
      293  12.278954  -86.411784     5.575    -5981.0     4674.1    -2115.1    106.9     82.4     22.9 2014  4 14 11 54 22.000  3.0   2
      294  12.284253  -86.414510     0.629    -6277.8     5260.3    -7062.0    105.1    126.4     35.6 2014  4 14 12 36 25.000  3.8   2
      295  12.261259  -86.395426     5.724    -4201.7     2716.6    -1967.0    107.9     80.6     23.5 2014  4 14 12 44 18.000  2.7   2
      300  12.259237  -86.402067     4.774    -4924.0     2492.9    -2918.0    107.8     80.7     22.2 2014  4 14 13 50 15.000  3.2   2
      304  12.265058  -86.397770     5.429    -4456.3     3137.0    -2262.5    107.8     81.2     23.9 2014  4 14 15 54 21.000  3.6   2
      305  12.260119  -86.396086     8.881    -4273.1     2590.5     1189.5    116.5    107.1    142.8 2014  4 14 16 21 47.000  2.7   2
      306  12.273849  -86.424805     4.861    -7397.5     4109.4    -2830.7    106.8     82.9     23.1 2014  4 14 17  0 57.000  2.9   2
      310  12.271862  -86.409757     8.966    -5760.2     3889.6     1275.0    107.3     81.8    125.7 2014  4 14 18 14 22.000  3.7   2
      317  12.286894  -86.412777     5.567    -6088.6     5552.5    -2123.7    106.5     82.7     22.6 2014  4 14 20 51 29.000  3.3   2
      320  12.283870  -86.405892     4.781    -5340.2     5218.0    -2910.8    109.3     85.0     23.9 2014  4 14 21 40 33.000  3.4   2
      323  12.236486  -86.422266    14.320    -7121.6      -23.8     6628.1    116.7     83.4     70.4 2014  4 14 22 19 29.000  2.9   2
      330  12.264599  -86.424105    11.596    -7322.0     3086.0     3905.0    113.8     95.1    109.5 2014  4 15  0 53 43.000  2.5   2
      341  12.278022  -86.427759    14.553    -7719.3     4571.0     6861.0    114.8     89.9     96.6 2014  4 15  4  0 46.000  2.7   2
      342  12.236798  -86.363436     5.756     -720.9       10.7    -1934.0    110.6     81.7     33.4 2014  4 15  4 15 46.000  2.6   2
      343  12.224079  -86.365129     5.766     -904.9    -1396.3    -1924.5    111.2     82.7     35.9 2014  4 15  4 28  7.000  4.2   2
      348  12.210725  -86.365104     5.875     -901.9    -2873.6    -1815.3    125.3    127.5     38.9 2014  4 15  7  4  5.000  3.5   2
      360  12.263160  -86.407454     1.060    -5510.1     2926.9    -6631.9    108.4     84.2    127.4 2014  4 15 12  2  0.000  2.7   2
      362  12.278131  -86.391659     5.624    -3791.7     4583.1    -2067.0    107.5     81.5     23.1 2014  4 15 12 48 12.000  3.3   2
      398  12.209318  -86.397941     5.724    -4475.5    -3029.3    -1966.3    125.7    130.4     43.0 2014  4 16 22 44 53.000  2.8   2
      408  12.254579  -86.406291    14.865    -5383.6     1977.6     7173.6    115.9     82.3     70.7 2014  4 17  4 34 41.000  2.5   2
      415  12.182227  -86.393758     6.052    -4020.4    -6026.2    -1638.8    129.2    133.6     47.4 2014  4 17  9  7 38.000  2.5   2
      419  12.188894  -86.386328     5.991    -3211.6    -5288.7    -1699.4    128.5    132.2     44.6 2014  4 17 10 36 59.000  2.5   2
      429  12.209446  -86.397257     2.720    -4401.1    -3015.1    -4971.4    125.7    130.4     88.7 2014  4 17 22 32 17.000  3.7   2
      433  12.209632  -86.395394     3.947    -4197.8    -2994.5    -3744.2    125.9    130.1     82.3 2014  4 17 23 42 21.000  2.5   2
      449  12.271112  -86.408691    15.321    -5644.5     3806.6     7629.1    115.1     82.2     66.6 2014  4 18 14  9 20.000  2.6   2
      658  12.264659  -86.413045     4.900    -6118.5     3092.7    -2791.3    107.3     81.5     21.7 2014  5  2  2 48 41.000  3.6   2
      738  12.267126  -86.401937     2.724    -4909.6     3365.8    -4967.0    107.7     81.4     72.4 2014  5 15  1 49 57.000  2.5   2
      837  12.279027  -86.424300     3.524    -7342.4     4682.2    -4167.6    106.5     82.8     22.9 2014  6  1 11 38 16.000  3.6   2
      974  12.251943  -86.405998     4.944    -5351.8     1686.1    -2747.5    108.2     81.8     26.0 2014  6 26  7  0 32.000  2.5   2
