       42  12.252455  -86.392106     4.976    -3840.6     1742.7    -2715.1     66.2     62.2     13.5 2014  4 11  3 31 42.000  3.9   2
       48  12.287766  -86.408936     5.542    -5670.9     5648.8    -2148.6     65.2     62.5     14.1 2014  4 11  4 35  9.000  3.1   2
       49  12.288034  -86.379012     5.548    -2415.4     5678.5    -2142.7     65.7     61.4     15.7 2014  4 11  5 20 13.000  2.7   2
       51  12.306642  -86.372038     3.210    -1656.3     7737.0    -4481.4     65.7     62.0     20.5 2014  4 11  5 29 38.000  2.7   2
       52  12.266071  -86.396769    12.598    -4347.5     3248.9     4906.8     70.4     64.4     48.5 2014  4 11  5 33 50.000  3.1   2
       53  12.293325  -86.380477     5.710    -2574.9     6263.8    -1980.4     65.7     61.4     17.0 2014  4 11  5 43 21.000  3.0   2
       69  12.286078  -86.413859    13.505    -6206.7     5462.2     5813.3     70.5     69.6     58.3 2014  4 11  9  1  7.000  2.7   2
       96  12.259796  -86.438232     4.771    -8858.4     2554.8    -2920.1     65.5     64.2     18.2 2014  4 11 14 10 36.000  2.6   2
       99  12.258890  -86.390731    11.476    -3690.9     2454.5     3784.2     69.5     74.1     75.4 2014  4 11 14 52 41.000  3.3   2
      102  12.257063  -86.433317    13.783    -8323.8     2252.4     6091.4     71.5     70.1     58.4 2014  4 11 15 56 52.000  3.3   2
      110  12.272009  -86.441260     4.927    -9188.0     3905.9    -2764.2     76.4     47.8   1063.9 2014  4 11 18 22 53.000  2.8   2
      123  12.282962  -86.414746     1.797    -6303.0     5117.4    -5894.6     66.8     64.8     38.2 2014  4 11 21 38 53.000  3.3   2
      126  12.283277  -86.355648     3.208      126.6     5152.4    -4483.6     66.7     63.2     57.4 2014  4 11 21 51 32.000  3.7   2
      132  12.200574  -86.436410    12.938    -8661.5    -3996.5     5246.2    111.9    128.2     82.2 2014  4 12  0  8 11.000  4.1   2
      133  12.298363  -86.430615    11.760    -8029.4     6821.2     4069.0     93.8    106.0    235.8 2014  4 12  0 16 55.000  3.3   2
      134  12.259302  -86.417472     5.688    -6600.2     2500.1    -2003.0     65.7     62.8     13.3 2014  4 12  0 21 37.000  4.0   2
      137  12.280950  -86.408146    15.686    -5584.8     4894.9     7994.6     70.9     69.4     56.5 2014  4 12  2 50 42.000  2.9   2
      141  12.257642  -86.438281    13.554    -8864.2     2316.4     5862.2     71.0     72.0     56.9 2014  4 12  3 40 38.000  3.3   2
      155  12.261130  -86.416813     8.674    -6528.2     2702.3      982.4     65.9     63.1    167.9 2014  4 12 10  2  9.000  3.2   2
      157  12.293053  -86.384993     2.220    -3066.2     6233.8    -5471.5     65.6     62.1     47.3 2014  4 12 10 23 13.000  2.7   2
      178  12.285921  -86.391569     4.842    -3781.5     5444.9    -2849.7     65.6     62.1     14.5 2014  4 13  1 20  6.000  4.3   2
      183  12.265114  -86.419767     5.649    -6849.8     3143.2    -2041.6     65.5     63.0     13.0 2014  4 13  2  7 37.000  3.4   2
      228  12.266009  -86.401082    11.860    -4817.1     3242.0     4168.7     72.6     77.2     76.2 2014  4 13 17 41 35.000  3.1   2
      238  12.277663  -86.426799     5.640    -7614.9     4531.4    -2050.5     65.2     63.3     14.0 2014  4 14  0 27 46.000  2.6   2
      245  12.302135  -86.385742     5.616    -3147.7     7238.4    -2074.5     65.4     62.2     16.8 2014  4 14  4 12 24.000  4.4   2
      248  12.262795  -86.384432     4.886    -3005.5     2886.5    -2805.2     66.2     61.7     13.5 2014  4 14  5  7  3.000  5.6   2
      249  12.257794  -86.401383     2.495    -4849.6     2333.3    -5196.7     66.0     62.5     42.4 2014  4 14  5 11  6.000  3.1   2
      250  12.286264  -86.378833     5.641    -2395.6     5482.8    -2049.2     65.8     61.8     15.3 2014  4 14  5 17  7.000  2.9   2
      251  12.267253  -86.402287     8.649    -4947.4     3379.6      957.6     65.9     62.5     84.0 2014  4 14  5 25 27.000  3.1   2
      252  12.275556  -86.391479     4.826    -3772.1     4298.3    -2865.7     65.8     62.0     14.6 2014  4 14  5 39 43.000  3.0   2
      253  12.283725  -86.395256     0.621    -4182.8     5201.9    -7069.9     62.3     91.6     30.7 2014  4 14  5 43 53.000  4.6   2
      254  12.276649  -86.399642     5.598    -4659.6     4419.1    -2092.0     65.6     62.3     13.6 2014  4 14  5 49 29.000  3.5   2
      255  12.282010  -86.378735    13.775    -2385.7     5012.2     6084.0     79.7     83.4     60.5 2014  4 14  5 54 58.000  2.5   2
      256  12.280879  -86.376270     5.653    -2116.7     4887.1    -2037.6     66.0     61.7     14.9 2014  4 14  5 59 25.000  3.5   2
      257  12.236184  -86.417090    12.862    -6558.8      -57.3     5170.4     71.7     67.7     48.8 2014  4 14  6  5 24.000  3.5   2
      258  12.243403  -86.403101     7.393    -5036.3      741.4     -298.8     66.3     62.2     93.1 2014  4 14  6 12 31.000  4.0   2
      259  12.268459  -86.390731    14.109    -3690.6     3513.2     6418.0     74.1     83.6    199.2 2014  4 14  6 20 56.000  3.5   2
      261  12.240481  -86.417798    16.622    -6635.6      418.0     8930.4     71.4     68.0     39.5 2014  4 14  6 31  1.000  2.9   2
      262  12.219066  -86.424585    15.473    -7374.2    -1950.8     7781.9     87.7     90.6    106.2 2014  4 14  6 34 11.000  3.0   2
      263  12.262399  -86.393538     4.856    -3996.1     2842.7    -2835.6     66.0     62.0     13.1 2014  4 14  6 39  2.000  2.8   2
      265  12.262612  -86.386580     4.770    -3238.6     2866.3    -2921.3     66.1     61.8     13.6 2014  4 14  6 52 26.000  3.2   2
      267  12.267824  -86.391667     5.519    -3791.9     3442.9    -2172.5     65.9     62.0     13.4 2014  4 14  7 10  5.000  3.1   2
      270  12.254999  -86.392122     4.821    -3842.0     2024.1    -2870.4     66.2     62.3     13.4 2014  4 14  7 27 46.000  2.7   2
      271  12.273512  -86.384399     5.584    -3001.4     4072.1    -2106.3     65.9     61.8     14.1 2014  4 14  7 36 13.000  3.1   2
      282  12.273442  -86.383708     5.557    -2926.1     4064.3    -2133.2     66.0     61.8     14.3 2014  4 14  9  5 18.000  3.3   2
      284  12.275155  -86.391219     5.791    -3743.7     4253.9    -1900.4     65.8     62.0     13.5 2014  4 14  9 23 45.000  3.0   2
      291  12.285453  -86.411051     3.518    -5901.5     5393.1    -4172.0     65.6     63.5     19.3 2014  4 14 11 32  4.000  3.0   2
      292  12.245643  -86.450285    17.288   -10170.7      989.1     9596.1     72.3     70.7     51.5 2014  4 14 11 36 40.000  3.3   2
      293  12.277583  -86.410124     5.566    -5800.2     4522.5    -2124.8     65.4     62.8     13.6 2014  4 14 11 54 22.000  3.0   2
      294  12.279363  -86.416813     0.612    -6528.1     4719.3    -7078.9     97.7    130.2     27.0 2014  4 14 12 36 25.000  3.8   2
      295  12.259956  -86.393644     5.715    -4007.3     2572.5    -1975.7     66.0     62.3     14.1 2014  4 14 12 44 18.000  2.7   2
      300  12.257936  -86.400374     4.764    -4740.2     2349.0    -2927.1     66.0     62.5     13.2 2014  4 14 13 50 15.000  3.2   2
      304  12.263931  -86.396151     5.411    -4280.5     3012.3    -2280.3     66.0     62.2     13.9 2014  4 14 15 54 21.000  3.6   2
      305  12.256245  -86.396419     8.623    -4309.2     2162.0      932.0     68.4     68.9     80.8 2014  4 14 16 21 47.000  2.7   2
      306  12.272443  -86.423055     4.852    -7207.6     3953.8    -2839.8     65.4     63.3     14.1 2014  4 14 17  0 57.000  2.9   2
      310  12.270549  -86.407967     8.923    -5565.3     3744.3     1231.3     65.7     62.6     81.8 2014  4 14 18 14 22.000  3.7   2
      317  12.285556  -86.411043     5.554    -5899.9     5404.4    -2136.5     65.2     62.8     13.5 2014  4 14 20 51 29.000  3.3   2
      320  12.280504  -86.405851     4.759    -5335.5     4845.7    -2932.5     67.0     63.7     14.1 2014  4 14 21 40 33.000  3.4   2
      323  12.232547  -86.422217    14.718    -7116.2     -459.6     7026.1     72.2     71.5     56.8 2014  4 14 22 19 29.000  2.9   2
      330  12.261452  -86.423926    11.986    -7301.9     2738.1     4294.4     69.4     71.7     68.8 2014  4 15  0 53 43.000  2.5   2
      341  12.274779  -86.427686    14.910    -7711.1     4212.3     7218.3     70.4     70.9     64.0 2014  4 15  4  0 46.000  2.7   2
      342  12.235391  -86.361450     5.750     -505.1     -144.9    -1940.6     67.6     61.6     19.7 2014  4 15  4 15 46.000  2.6   2
      343  12.222752  -86.362793     5.742     -650.6    -1543.2    -1948.2     67.9     62.0     21.2 2014  4 15  4 28  7.000  4.2   2
      348  12.201755  -86.368376     5.923    -1258.1    -3865.9    -1767.2     75.5     77.4     24.7 2014  4 15  7  4  5.000  3.5   2
      360  12.264342  -86.403727     1.461    -5104.1     3057.8    -6230.4     70.9     70.1     81.5 2014  4 15 12  2  0.000  2.7   2
      362  12.276988  -86.389852     5.600    -3594.9     4456.6    -2090.3     65.8     62.0     13.9 2014  4 15 12 48 12.000  3.3   2
      398  12.199702  -86.401546     5.819    -4867.8    -4093.0    -1871.8     75.9     80.3     34.0 2014  4 16 22 44 53.000  2.8   2
      408  12.253126  -86.404655    14.884    -5205.4     1816.9     7192.8     70.9     66.9     42.2 2014  4 17  4 34 41.000  2.5   2
      429  12.199875  -86.400928     2.595    -4800.1    -4073.9    -5096.3     75.9     80.2     44.8 2014  4 17 22 32 17.000  3.7   2
      433  12.200268  -86.399105     3.808    -4602.3    -4030.4    -3883.2     75.9     79.3     38.4 2014  4 17 23 42 21.000  2.5   2
      449  12.267279  -86.408260    15.620    -5598.0     3382.5     7928.1     71.1     70.8     55.4 2014  4 18 14  9 20.000  2.6   2
      658  12.263329  -86.411271     4.893    -5925.5     2945.7    -2798.4     65.7     62.8     13.0 2014  5  2  2 48 41.000  3.6   2
      738  12.265647  -86.400293     2.852    -4730.8     3202.1    -4839.8     65.9     62.3     42.7 2014  5 15  1 49 57.000  2.5   2
      837  12.277655  -86.422542     3.510    -7151.7     4530.5    -4181.1     65.2     63.2     13.5 2014  6  1 11 38 16.000  3.6   2
      974  12.250748  -86.404289     4.929    -5165.3     1553.8    -2762.8     66.2     62.7     15.3 2014  6 26  7  0 32.000  2.5   2
