       42  12.254035  -86.392415     4.979    -3873.6     1917.5    -2712.7     30.1     28.3      7.6 2014  4 11  3 31 42.000  3.9   2
       48  12.289396  -86.409245     5.543    -5704.2     5829.2    -2147.2     29.7     28.4      7.8 2014  4 11  4 35  9.000  3.1   2
       49  12.289683  -86.379305     5.545    -2447.0     5861.0    -2145.0     29.9     28.0      8.3 2014  4 11  5 20 13.000  2.7   2
       51  12.308397  -86.372485     3.209    -1705.5     7931.2    -4482.0     29.9     28.3      9.9 2014  4 11  5 29 38.000  2.7   2
       52  12.268184  -86.397038    12.547    -4377.0     3482.7     4855.5     32.1     29.8     22.4 2014  4 11  5 33 50.000  3.1   2
       53  12.294762  -86.380762     5.721    -2605.3     6422.9    -1969.8     29.9     28.0      8.9 2014  4 11  5 43 21.000  3.0   2
       69  12.287246  -86.414705    13.666    -6298.4     5591.3     5974.7     32.8     34.1     32.6 2014  4 11  9  1  7.000  2.7   2
       96  12.261597  -86.438761     4.774    -8916.3     2754.0    -2917.3     29.8     29.3      8.9 2014  4 11 14 10 36.000  2.6   2
       99  12.256900  -86.393652    11.687    -4008.1     2234.4     3995.7     35.0     38.3     33.8 2014  4 11 14 52 41.000  3.3   2
      102  12.258043  -86.434017    13.978    -8400.2     2360.9     6286.9     33.3     34.5     32.1 2014  4 11 15 56 52.000  3.3   2
      123  12.284032  -86.415560     1.820    -6391.9     5235.9    -5871.7     30.9     30.1     23.8 2014  4 11 21 38 53.000  3.3   2
      126  12.284898  -86.356014     3.138       86.8     5331.7    -4553.2     30.3     28.5     23.5 2014  4 11 21 51 32.000  3.7   2
      132  12.201659  -86.437020    13.751    -8728.1    -3876.5     6059.2     37.9     24.9    124.3 2014  4 12  0  8 11.000  4.1   2
      133  12.299251  -86.431771    12.376    -8155.1     6919.5     4684.8     38.3     42.0     75.3 2014  4 12  0 16 55.000  3.3   2
      134  12.261118  -86.417741     5.677    -6629.0     2701.0    -2013.5     29.9     28.7      7.6 2014  4 12  0 21 37.000  4.0   2
      137  12.282442  -86.409090    15.846    -5687.7     5060.0     8154.1     33.1     33.8     31.7 2014  4 12  2 50 42.000  2.9   2
      141  12.258689  -86.438981    13.757    -8940.1     2432.4     6065.1     33.1     35.3     31.6 2014  4 12  3 40 38.000  3.3   2
      155  12.262875  -86.417106     8.723    -6560.0     2895.4     1031.6     29.9     28.7     65.9 2014  4 12 10  2  9.000  3.2   2
      157  12.294838  -86.385295     2.127    -3098.7     6431.3    -5564.5     29.8     28.4     21.1 2014  4 12 10 23 13.000  2.7   2
      178  12.287610  -86.391870     4.840    -3814.1     5631.6    -2851.3     29.8     28.3      8.0 2014  4 13  1 20  6.000  4.3   2
      183  12.266919  -86.419930     5.635    -6867.7     3342.7    -2055.7     29.8     28.8      7.5 2014  4 13  2  7 37.000  3.4   2
      228  12.264015  -86.404110    12.044    -5146.1     3021.4     4352.1     33.6     36.8     33.6 2014  4 13 17 41 35.000  3.1   2
      238  12.279253  -86.426937     5.636    -7629.3     4707.2    -2054.5     29.7     28.8      7.8 2014  4 14  0 27 46.000  2.6   2
      245  12.303681  -86.386125     5.624    -3189.0     7409.6    -2066.4     29.7     28.3      8.7 2014  4 14  4 12 24.000  4.4   2
      248  12.264444  -86.384644     4.879    -3028.2     3069.0    -2812.0     30.1     28.1      7.7 2014  4 14  5  7  3.000  5.6   2
      249  12.259681  -86.401668     2.430    -4880.7     2542.1    -5261.2     30.0     28.5     19.4 2014  4 14  5 11  6.000  3.1   2
      250  12.287823  -86.379329     5.653    -2450.3     5655.3    -2037.7     29.9     28.1      8.2 2014  4 14  5 17  7.000  2.9   2
      251  12.268951  -86.402669     8.706    -4989.2     3567.6     1014.8     30.0     28.5     41.3 2014  4 14  5 25 27.000  3.1   2
      252  12.276890  -86.391748     4.843    -3801.1     4445.8    -2848.2     29.9     28.2      7.9 2014  4 14  5 39 43.000  3.0   2
      253  12.287292  -86.394580     0.615    -4108.7     5596.5    -7075.6     43.7     62.1     11.3 2014  4 14  5 43 53.000  4.6   2
      254  12.278393  -86.399748     5.585    -4671.4     4612.0    -2105.2     29.8     28.4      7.9 2014  4 14  5 49 29.000  3.5   2
      255  12.293354  -86.370426    13.943    -1481.4     6267.1     6252.0     69.9     75.1     35.9 2014  4 14  5 54 58.000  2.5   2
      256  12.282504  -86.376530     5.651    -2145.6     5066.9    -2039.7     30.0     28.1      8.2 2014  4 14  5 59 25.000  3.5   2
      257  12.238121  -86.417220    12.901    -6573.0      157.0     5209.7     32.5     31.4     20.5 2014  4 14  6  5 24.000  3.5   2
      258  12.245130  -86.403402     8.100    -5069.2      932.5      408.1     30.2     28.4     44.5 2014  4 14  6 12 31.000  4.0   2
      259  12.256864  -86.396761    10.891    -4347.0     2230.5     3199.6     33.7     38.2     89.1 2014  4 14  6 20 56.000  3.5   2
      261  12.242152  -86.417863    16.704    -6643.1      602.9     9012.3     32.6     31.9     18.8 2014  4 14  6 31  1.000  2.9   2
      262  12.213954  -86.430737    16.743    -8044.0    -2516.4     9051.5     33.2     36.9     20.3 2014  4 14  6 34 11.000  3.0   2
      263  12.263985  -86.393945     4.863    -4040.6     3018.2    -2828.8     30.0     28.3      7.5 2014  4 14  6 39  2.000  2.8   2
      265  12.264294  -86.386833     4.762    -3266.0     3052.5    -2929.9     30.1     28.2      7.7 2014  4 14  6 52 26.000  3.2   2
      267  12.269601  -86.391951     5.508    -3823.1     3639.5    -2183.5     30.0     28.3      7.7 2014  4 14  7 10  5.000  3.1   2
      270  12.256907  -86.392261     4.797    -3857.1     2235.3    -2894.1     30.1     28.5      7.6 2014  4 14  7 27 46.000  2.7   2
      271  12.275179  -86.384717     5.584    -3036.1     4256.5    -2106.9     30.0     28.2      7.9 2014  4 14  7 36 13.000  3.1   2
      282  12.275276  -86.383862     5.538    -2942.8     4267.2    -2152.9     30.0     28.2      8.0 2014  4 14  9  5 18.000  3.3   2
      284  12.276818  -86.391642     5.796    -3789.6     4437.8    -1895.9     29.9     28.2      7.7 2014  4 14  9 23 45.000  3.0   2
      291  12.287219  -86.411263     3.511    -5923.8     5588.5    -4179.4     29.8     28.9      9.2 2014  4 14 11 32  4.000  3.0   2
      292  12.247542  -86.450269    17.330   -10168.9     1199.2     9638.6     32.7     32.5     20.6 2014  4 14 11 36 40.000  3.3   2
      293  12.279182  -86.410498     5.570    -5841.3     4699.3    -2120.2     29.8     28.6      7.7 2014  4 14 11 54 22.000  3.0   2
      294  12.281723  -86.416357     0.616    -6478.2     4980.4    -7074.1     39.3     51.4     10.2 2014  4 14 12 36 25.000  3.8   2
      295  12.261996  -86.394067     5.695    -4053.3     2798.2    -1995.0     30.0     28.4      8.1 2014  4 14 12 44 18.000  2.7   2
      300  12.259870  -86.400724     4.752    -4777.6     2563.1    -2939.3     30.0     28.5      7.7 2014  4 14 13 50 15.000  3.2   2
      304  12.265779  -86.396484     5.402    -4316.2     3216.6    -2289.2     30.0     28.4      7.8 2014  4 14 15 54 21.000  3.6   2
      305  12.261480  -86.394189     8.661    -4067.1     2741.0      969.7     32.6     33.9     39.8 2014  4 14 16 21 47.000  2.7   2
      306  12.274319  -86.423348     4.845    -7239.0     4161.4    -2846.3     29.7     28.9      8.1 2014  4 14 17  0 57.000  2.9   2
      310  12.272452  -86.408130     8.547    -5583.6     3954.8      855.5     29.9     28.6     44.2 2014  4 14 18 14 22.000  3.7   2
      317  12.287138  -86.411222     5.554    -5919.3     5579.4    -2136.8     29.7     28.6      7.7 2014  4 14 20 51 29.000  3.3   2
      320  12.281656  -86.406576     4.747    -5414.0     4973.0    -2944.7     30.9     29.4      8.0 2014  4 14 21 40 33.000  3.4   2
      323  12.233548  -86.422925    14.900    -7194.0     -348.8     7208.7     33.6     35.5     31.4 2014  4 14 22 19 29.000  2.9   2
      330  12.262845  -86.424609    12.125    -7376.6     2892.1     4433.3     32.2     34.4     34.5 2014  4 15  0 53 43.000  2.5   2
      341  12.276684  -86.428060    14.991    -7751.8     4422.9     7299.1     32.5     34.1     32.2 2014  4 15  4  0 46.000  2.7   2
      342  12.237025  -86.361564     5.737     -517.2       35.7    -1953.5     30.8     28.2     10.1 2014  4 15  4 15 46.000  2.6   2
      343  12.224403  -86.362915     5.728     -663.7    -1360.5    -1962.9     31.0     28.5     10.8 2014  4 15  4 28  7.000  4.2   2
      348  12.204338  -86.367822     5.896    -1198.2    -3580.2    -1794.6     33.0     32.0     11.5 2014  4 15  7  4  5.000  3.5   2
      360  12.265867  -86.404248     1.306    -5161.1     3226.3    -6385.8     31.2     30.0     36.6 2014  4 15 12  2  0.000  2.7   2
      362  12.278769  -86.390177     5.591    -3630.4     4653.7    -2099.4     29.9     28.2      7.8 2014  4 15 12 48 12.000  3.3   2
      398  12.202550  -86.401066     5.781    -4815.7    -3777.9    -1909.5     33.1     33.2     15.4 2014  4 16 22 44 53.000  2.8   2
      408  12.255154  -86.404728    14.891    -5213.5     2041.4     7199.8     32.3     31.3     18.4 2014  4 17  4 34 41.000  2.5   2
      429  12.202662  -86.400627     2.537    -4767.5    -3765.5    -5154.2     33.1     33.1     20.7 2014  4 17 22 32 17.000  3.7   2
      433  12.202973  -86.398397     3.798    -4525.2    -3731.1    -3893.4     33.1     32.7     18.3 2014  4 17 23 42 21.000  2.5   2
      449  12.268230  -86.408960    15.767    -5673.6     3487.9     8075.7     33.0     35.9     30.9 2014  4 18 14  9 20.000  2.6   2
      658  12.265100  -86.411556     4.887    -5956.3     3141.6    -2804.7     29.9     28.6      7.5 2014  5  2  2 48 41.000  3.6   2
      738  12.267372  -86.400627     2.822    -4766.8     3392.8    -4869.4     30.0     28.4     19.3 2014  5 15  1 49 57.000  2.5   2
      837  12.279436  -86.422811     3.500    -7180.7     4727.4    -4191.6     29.7     28.8      7.5 2014  6  1 11 38 16.000  3.6   2
      974  12.252579  -86.404598     4.919    -5199.6     1756.4    -2772.1     30.1     28.6      8.2 2014  6 26  7  0 32.000  2.5   2
