        1  12.381216  -86.459839     2.381     1093.0     3642.6    -4770.6      0.0      0.0      0.0 2014  4 10 18 43 54.000  4.0   1
        6  12.346033  -86.552702     3.048    -9006.9     -249.5    -4102.6      0.0      0.0      0.0 2014  4 10 23 37 25.000  3.8   1
       15  12.387205  -86.470703     5.503      -88.1     4305.2    -1647.6      0.0      0.0      0.0 2014  4 11  0 39 46.000  3.9   1
       17  12.404612  -86.460726     5.411      996.7     6230.8    -1740.1      0.0      0.0      0.0 2014  4 11  0 44 26.000  4.0   1
       19  12.398988  -86.607666     0.675   -14983.6     5608.7    -6476.3      0.0      0.0      0.0 2014  4 11  0 54 59.000  2.7   1
       26  12.368153  -86.482332     5.760    -1353.0     2197.5    -1391.3      0.0      0.0      0.0 2014  4 11  1 46 17.000  3.2   1
       30  12.436286  -86.477002     1.884     -773.8     9734.8    -5267.3      0.0      0.0      0.0 2014  4 11  2 11 18.000  2.4   1
       35  12.319567  -86.451774     8.347     1970.6    -3177.2     1195.6      0.0      0.0      0.0 2014  4 11  2 48 43.000  1.4   1
       47  12.425166  -86.502295     4.740    -3524.2     8504.6    -2412.1      0.0      0.0      0.0 2014  4 11  4 27 29.000  2.5   1
       50  12.360912  -86.538818    23.326    -7496.4     1396.5    16174.1      0.0      0.0      0.0 2014  4 11  5 23 41.000  3.8   1
       53  12.306678  -86.434253     3.653     3875.8    -4603.1    -3497.7      0.0      0.0      0.0 2014  4 11  5 43 21.000  3.0   1
       71  12.349313  -86.435799    14.783     3707.9      113.5     7630.8      0.0      0.0      0.0 2014  4 11  9 11  1.000  3.3   1
       81  12.351343  -86.441374     1.988     3101.2      337.9    -5163.1      0.0      0.0      0.0 2014  4 11 11  4 50.000  2.7   1
       86  12.395119  -86.520825     3.035    -5539.5     5180.7    -4117.2      0.0      0.0      0.0 2014  4 11 11 45 31.000  3.0   1
       88  12.337716  -86.479159     1.932    -1008.5    -1169.5    -5218.8      0.0      0.0      0.0 2014  4 11 12 20 41.000  2.9   1
       97  12.333814  -86.470744     3.053      -92.7    -1601.1    -4099.1      0.0      0.0      0.0 2014  4 11 14 28  4.000  3.3   1
      100  12.394189  -86.515682     1.802    -4980.3     5077.8    -5349.3      0.0      0.0      0.0 2014  4 11 15 17 53.000  2.3   1
      101  12.409722  -86.528988     8.571    -6426.7     6796.1     1418.6      0.0      0.0      0.0 2014  4 11 15 23 19.000  2.2   1
      107  12.457174  -86.627889     4.832   -17180.5    12045.4    -2320.1      0.0      0.0      0.0 2014  4 11 17 16 14.000  1.8   1
      119  12.362488  -86.473014     4.448     -339.4     1570.9    -2704.3      0.0      0.0      0.0 2014  4 11 20  5 15.000  3.7   1
      129  12.494812  -86.585710     2.000   -12593.0    16209.1    -5151.4      0.0      0.0      0.0 2014  4 11 22 35 36.000  1.9   1
      143  12.373355  -86.507503     3.377    -4090.9     2773.0    -3774.9      0.0      0.0      0.0 2014  4 12  5 25 52.000  1.8   1
      146  12.307445  -86.450334     3.138     2127.4    -4518.2    -4013.9      0.0      0.0      0.0 2014  4 12  6 11 10.000  2.3   1
      147  12.459506  -86.570321     2.965   -10920.5    12303.5    -4187.2      0.0      0.0      0.0 2014  4 12  6 25 25.000  1.9   1
      174  12.359974  -86.567716    11.491   -10639.1     1292.7     4338.6      0.0      0.0      0.0 2014  4 12 21 28 59.000  1.2   1
      184  12.400514  -86.541309    19.587    -7767.3     5777.4    12434.7      0.0      0.0      0.0 2014  4 13  2 18 34.000  1.7   1
      192  12.387386  -86.434375    12.969     3862.0     4325.2     5816.8      0.0      0.0      0.0 2014  4 13  4 21 32.000  1.8   1
      193  12.371559  -86.508325    13.408    -4180.2     2574.3     6256.2      0.0      0.0      0.0 2014  4 13  4 59  0.000  1.6   1
      196  12.351396  -86.458553     5.047     1232.5      343.8    -2105.1      0.0      0.0      0.0 2014  4 13  5 54 36.000  3.6   1
      203  12.337574  -86.500073     5.487    -3283.1    -1185.2    -1664.0      0.0      0.0      0.0 2014  4 13  6 53 29.000  1.9   1
      204  12.358566  -86.476595     1.656     -729.6     1137.1    -5496.0      0.0      0.0      0.0 2014  4 13  7  0 40.000  2.1   1
      210  12.396255  -86.507511     5.307    -4091.2     5306.3    -1844.7      0.0      0.0      0.0 2014  4 13  7 57 47.000  3.6   1
      224  12.375448  -86.520500     4.997    -5504.1     3004.5    -2153.8      0.0      0.0      0.0 2014  4 13 13 50 42.000  2.6   1
      225  12.396094  -86.529948     4.258    -6531.4     5288.5    -2893.7      0.0      0.0      0.0 2014  4 13 14 46 27.000  3.6   1
      226  12.422347  -86.521305     3.154    -5591.2     8192.8    -3997.8      0.0      0.0      0.0 2014  4 13 14 51 52.000  2.4   1
      229  12.399365  -86.578190    11.873   -11777.4     5650.4     4721.2      0.0      0.0      0.0 2014  4 13 17 54 30.000  1.8   1
      249  12.274038  -86.436369     2.372     3646.6    -8213.9    -4780.4      0.0      0.0      0.0 2014  4 14  5 11  6.000  3.1   1
      253  12.282574  -86.454134     1.151     1713.4    -7269.5    -5999.9      0.0      0.0      0.0 2014  4 14  5 43 53.000  4.6   1
      255  12.239738  -86.340446    11.971    14081.0   -12008.3     4818.9      0.0      0.0      0.0 2014  4 14  5 54 58.000  2.5   1
      261  12.220004  -86.360327    15.881    11919.3   -14191.2     8729.3      0.0      0.0      0.0 2014  4 14  6 31  1.000  2.9   1
      272  12.508774  -86.531706     1.161    -6721.6    17753.6    -5990.5      0.0      0.0      0.0 2014  4 14  7 41 56.000  2.6   1
      286  12.379017  -86.506860     4.452    -4020.6     3399.4    -2699.0      0.0      0.0      0.0 2014  4 14 10 14 24.000  2.8   1
      289  12.229585  -86.359302    14.020    12030.4   -13131.5     6868.3      0.0      0.0      0.0 2014  4 14 10 52 13.000  2.4   1
      292  12.230492  -86.390487    16.070     8637.5   -13031.0     8918.0      0.0      0.0      0.0 2014  4 14 11 36 40.000  3.3   1
      300  12.283138  -86.429899     3.442     4349.5    -7207.1    -3710.1      0.0      0.0      0.0 2014  4 14 13 50 15.000  3.2   1
      301  12.163447  -86.463102    10.116      738.8   -20447.9     2964.7      0.0      0.0      0.0 2014  4 14 13 54 31.000  1.8   1
      314  12.295705  -86.539697    25.667    -7592.9    -5816.9    18515.1      0.0      0.0      0.0 2014  4 14 19 14 35.000  2.1   1
      334  12.223029  -86.382422     4.309     9515.2   -13856.8    -2842.4      0.0      0.0      0.0 2014  4 15  2 15 48.000  1.9   1
      339  12.370356  -86.447314     5.474     2455.1     2441.3    -1677.3      0.0      0.0      0.0 2014  4 15  3 41 44.000  3.3   1
      348  12.126137  -86.413639     8.593     6120.8   -24575.3     1442.5      0.0      0.0      0.0 2014  4 15  7  4  5.000  3.5   1
      356  12.363589  -86.460929     5.113      974.2     1692.7    -2037.6      0.0      0.0      0.0 2014  4 15  9 27  5.000  1.5   1
      362  12.283002  -86.415316     5.443     5936.2    -7222.3    -1707.7      0.0      0.0      0.0 2014  4 15 12 48 12.000  3.3   1
      371  12.434428  -86.515210     4.018    -4928.5     9529.2    -3133.4      0.0      0.0      0.0 2014  4 15 18 50  4.000  2.8   1
      372  12.443441  -86.450293     3.337     2130.8    10526.2    -3815.1      0.0      0.0      0.0 2014  4 15 19 42 44.000  2.6   1
      381  12.379886  -86.458504     5.707     1237.9     3495.5    -1444.2      0.0      0.0      0.0 2014  4 16  5 21 52.000  2.3   1
      382  12.389052  -86.516357     3.761    -5053.8     4509.5    -3391.3      0.0      0.0      0.0 2014  4 16  5 25 14.000  2.0   1
      390  12.362116  -86.488729    24.784    -2048.7     1529.8    17632.1      0.0      0.0      0.0 2014  4 16 15 40  7.000  1.7   1
      398  12.135336  -86.448291     8.231     2350.2   -23557.6     1079.7      0.0      0.0      0.0 2014  4 16 22 44 53.000  2.8   1
      399  12.224164  -86.385400     3.671     9191.6   -13731.2    -3480.2      0.0      0.0      0.0 2014  4 16 22 53 26.000  1.8   1
      402  12.349662  -86.461816     5.721      878.3      152.0    -1429.8      0.0      0.0      0.0 2014  4 17  0 11 45.000  2.3   1
      429  12.120775  -86.445947     8.198     2604.7   -25168.4     1046.5      0.0      0.0      0.0 2014  4 17 22 32 17.000  3.7   1
      431  12.355570  -86.539632    23.550    -7585.3      805.7    16397.5      0.0      0.0      0.0 2014  4 17 23  6 21.000  1.4   1
      434  12.353485  -86.469653     2.683       25.5      574.9    -4468.3      0.0      0.0      0.0 2014  4 18  0 19  5.000  3.9   1
      445  12.362689  -86.472078     4.641     -238.3     1593.1    -2510.2      0.0      0.0      0.0 2014  4 18 12  5 17.000  2.5   1
      462  12.434230  -86.536100     2.230    -7199.8     9507.2    -4922.1      0.0      0.0      0.0 2014  4 19  6 40 24.000  1.4   1
      467  12.375072  -86.481999    14.003    -1316.8     2963.0     6851.0      0.0      0.0      0.0 2014  4 19  8 28 53.000  1.4   1
      470  12.343915  -86.487793     1.048    -1947.0     -483.8    -6103.2      0.0      0.0      0.0 2014  4 19 13 44 28.000  3.9   1
      473  12.406847  -86.554240     1.949    -9173.2     6478.0    -5203.1      0.0      0.0      0.0 2014  4 19 17 40 17.000  1.9   1
      476  12.395966  -86.553532     4.968    -9096.1     5274.3    -2183.9      0.0      0.0      0.0 2014  4 19 19  9 45.000  1.6   1
      481  12.372910  -86.509717    22.887    -4331.6     2723.8    15735.3      0.0      0.0      0.0 2014  4 20  3 34 39.000  2.3   1
      483  12.366853  -86.468026     4.892      202.3     2053.7    -2259.9      0.0      0.0      0.0 2014  4 20  4 24  4.000  2.9   1
      489  12.370867  -86.515438     5.809    -4953.8     2497.8    -1343.3      0.0      0.0      0.0 2014  4 20 11 43 41.000  2.5   1
      492  12.404762  -86.501465     3.088    -3433.5     6247.4    -4064.5      0.0      0.0      0.0 2014  4 20 14 42 22.000  3.0   1
      506  12.443404  -86.551742     2.154    -8900.5    10522.1    -4997.8      0.0      0.0      0.0 2014  4 21 15 45 38.000  1.4   1
      511  12.276820  -86.540715    25.277    -7704.1    -7906.1    18125.4      0.0      0.0      0.0 2014  4 22  0 18  8.000  2.4   1
      513  12.384139  -86.471867    15.761     -215.3     3966.0     8608.9      0.0      0.0      0.0 2014  4 22  4 14 50.000  2.6   1
      520  12.478741  -86.529451    14.225    -6476.0    14431.3     7072.9      0.0      0.0      0.0 2014  4 22  4 35 43.000  2.1   1
      521  12.481213  -86.560612    17.855    -9865.0    14704.7    10703.0      0.0      0.0      0.0 2014  4 22  4 41 24.000  1.4   1
      529  12.421580  -86.539119    12.518    -7528.2     8107.9     5365.8      0.0      0.0      0.0 2014  4 22  8 46 49.000  1.3   1
      541  12.336322  -86.480029    16.135    -1102.4    -1323.8     8983.1      0.0      0.0      0.0 2014  4 23  1 33 26.000  2.0   1
      545  12.362742  -86.516496     3.350    -5068.9     1599.0    -3802.2      0.0      0.0      0.0 2014  4 23  4  4 13.000  2.8   1
      546  12.384501  -86.471956     5.921     -224.8     4006.1    -1230.3      0.0      0.0      0.0 2014  4 23  4 44 44.000  4.1   1
      555  12.396375  -86.493555    16.558    -2574.0     5319.6     9406.4      0.0      0.0      0.0 2014  4 23 20  2 48.000  2.9   1
      563  12.383425  -86.479248     1.232    -1017.7     3887.0    -5918.6      0.0      0.0      0.0 2014  4 24  7 10 59.000  2.1   1
      574  12.353226  -86.527930    25.117    -6312.3      546.2    17964.7      0.0      0.0      0.0 2014  4 24 22 12  2.000  1.7   1
      578  12.408220  -86.520565    19.375    -5510.8     6630.0    12223.5      0.0      0.0      0.0 2014  4 25  2 32 58.000  1.5   1
      594  12.341597  -86.461165     2.679      948.6     -740.2    -4471.7      0.0      0.0      0.0 2014  4 26  9 33  5.000  3.6   1
      599  12.375612  -86.473926     1.747     -438.9     3022.7    -5405.0      0.0      0.0      0.0 2014  4 27  2  6 25.000  3.2   1
      604  12.280467  -86.517773    16.838    -5208.3    -7502.7     9686.5      0.0      0.0      0.0 2014  4 27 16  4 34.000  2.8   1
      605  12.294430  -86.532454    18.323    -6805.7    -5958.0    11171.3      0.0      0.0      0.0 2014  4 27 18 51 48.000  1.6   1
      607  12.338238  -86.479443     5.925    -1038.9    -1111.8    -1225.7      0.0      0.0      0.0 2014  4 28  4  0 48.000  3.3   1
      614  12.329761  -86.549788     1.955    -8690.2    -2049.5    -5195.9      0.0      0.0      0.0 2014  4 28 17 19 33.000  1.1   1
      627  12.388649  -86.514746     4.437    -4878.7     4464.9    -2715.4      0.0      0.0      0.0 2014  4 30  0 51 51.000  2.5   1
      631  12.262937  -86.484847     5.904    -1626.9    -9441.9    -1248.1      0.0      0.0      0.0 2014  4 30  8 15 49.000  2.6   1
      635  12.394014  -86.488094    13.562    -1979.5     5058.5     6409.5      0.0      0.0      0.0 2014  5  1  1  8  7.000  1.9   1
      644  12.318527  -86.509530    24.467    -4311.9    -3292.2    17315.1      0.0      0.0      0.0 2014  5  1 13 47 35.000  1.9   1
      648  12.402149  -86.530330     2.351    -6572.8     5958.4    -4800.5      0.0      0.0      0.0 2014  5  1 17 49 55.000  3.5   1
      652  12.420361  -86.489445    11.385    -2126.9     7973.1     4232.9      0.0      0.0      0.0 2014  5  2  0  8 24.000  2.0   1
      653  12.369101  -86.482886    12.681    -1413.8     2302.4     5529.1      0.0      0.0      0.0 2014  5  2  0 37  1.000  1.4   1
      659  12.356941  -86.491032     4.120    -2299.5      957.2    -3032.5      0.0      0.0      0.0 2014  5  2  3 31  6.000  2.3   1
      663  12.368570  -86.520654     5.979    -5520.9     2243.7    -1173.2      0.0      0.0      0.0 2014  5  2  4 21 56.000  3.9   1
      670  12.433418  -86.524292     3.913    -5916.2     9417.4    -3238.1      0.0      0.0      0.0 2014  5  2  5 25 28.000  2.2   1
      676  12.348173  -86.539453     4.780    -7565.8      -12.7    -2372.5      0.0      0.0      0.0 2014  5  2 19 37 16.000  1.5   1
      682  12.421742  -86.492212    19.792    -2427.7     8125.7    12639.6      0.0      0.0      0.0 2014  5  4  3 42  5.000  1.1   1
      686  12.387543  -86.560539     2.273    -9858.8     4342.5    -4878.0      0.0      0.0      0.0 2014  5  4 12 13  7.000  0.8   1
      687  12.386105  -86.568018     2.115   -10672.1     4183.5    -5035.6      0.0      0.0      0.0 2014  5  4 12 44  5.000  1.0   1
      696  12.381490  -86.523364    27.900    -5815.5     3672.9    20748.2      0.0      0.0      0.0 2014  5  6 12 43 47.000  1.3   1
      704  12.390161  -86.517977    17.363    -5229.4     4632.2    10210.5      0.0      0.0      0.0 2014  5  7 15 35 29.000  1.7   1
      705  12.259175  -86.470313     3.143      -46.4    -9858.1    -4008.3      0.0      0.0      0.0 2014  5  7 23 19 50.000  2.0   1
      706  12.350245  -86.586239     3.954   -12654.2      216.6    -3198.4      0.0      0.0      0.0 2014  5  8  3  5 38.000  1.7   1
      711  12.343899  -86.586426    14.829   -12675.1     -485.6     7676.8      0.0      0.0      0.0 2014  5  8 16 25  6.000  1.5   1
      725  12.513188  -86.554150     1.839    -9161.5    18241.9    -5311.9      0.0      0.0      0.0 2014  5 10 18 21 44.000  1.9   1
      741  12.339459  -86.540584     5.432    -7689.1     -976.6    -1719.7      0.0      0.0      0.0 2014  5 15 13 53 17.000  1.3   1
      745  12.440782  -86.600570     2.027   -14210.8    10232.0    -5124.3      0.0      0.0      0.0 2014  5 15 23  4 46.000  0.8   1
      750  12.429804  -86.609342     7.899   -15165.0     9017.8      747.0      0.0      0.0      0.0 2014  5 16 15 10 34.000  1.2   1
      754  12.410494  -86.550317     4.753    -8746.6     6881.5    -2398.7      0.0      0.0      0.0 2014  5 16 18  2 38.000  1.3   1
      764  12.378478  -86.588770     4.859   -12928.7     3339.7    -2293.1      0.0      0.0      0.0 2014  5 20  9 23  1.000  1.6   1
      765  12.354794  -86.552393    25.314    -8972.8      719.7    18162.3      0.0      0.0      0.0 2014  5 20 11 20 25.000  1.7   1
      770  12.355496  -86.499390    16.693    -3208.2      797.4     9540.7      0.0      0.0      0.0 2014  5 20 23  2 34.000  1.9   1
      779  12.275890  -86.552743    21.399    -9012.8    -8008.9    14246.6      0.0      0.0      0.0 2014  5 22  0 43 36.000  1.4   1
      787  12.406855  -86.564266     3.409   -10263.8     6479.0    -3743.2      0.0      0.0      0.0 2014  5 22 12  8  7.000  1.2   1
      789  12.339468  -86.499390     4.526    -3208.3     -975.6    -2624.6      0.0      0.0      0.0 2014  5 24  0 28 57.000  2.8   1
      804  12.386417  -86.553613     4.891    -9105.6     4217.9    -2260.9      0.0      0.0      0.0 2014  5 26  6 30 16.000  1.4   1
      819  12.339153  -86.546151    14.691    -8294.6    -1010.6     7539.4      0.0      0.0      0.0 2014  5 28  6 55  5.000  2.2   1
      823  12.443784  -86.499691    11.650    -3240.7    10564.1     4497.8      0.0      0.0      0.0 2014  5 29  5 57 18.000  1.8   1
      831  12.349941  -86.495483    19.769    -2783.5      182.9    12617.2      0.0      0.0      0.0 2014  5 31  1 40 23.000  2.5   1
      850  12.427102  -86.544499     3.904    -8113.7     8718.7    -3246.7      0.0      0.0      0.0 2014  6  2  3 18 57.000  1.3   1
      852  12.360403  -86.506836    18.166    -4018.5     1340.2    11014.2      0.0      0.0      0.0 2014  6  3  4 14 11.000  1.6   1
      862  12.376330  -86.586597     5.638   -12692.6     3102.1    -1512.5      0.0      0.0      0.0 2014  6  5  6 31 31.000  1.0   1
      892  12.333130  -86.574333     4.175   -11359.6    -1676.8    -2977.1      0.0      0.0      0.0 2014  6 11 16 32 45.000  1.0   1
      910  12.420776  -86.652083     1.810   -19812.8     8019.0    -5341.9      0.0      0.0      0.0 2014  6 15 11 52 44.000  1.7   1
      912  12.459968  -86.600317     7.041   -14182.7    12354.5     -110.6      0.0      0.0      0.0 2014  6 15 13  7 58.000  1.5   1
      921  12.371953  -86.461792     2.208      880.8     2617.9    -4944.1      0.0      0.0      0.0 2014  6 17  3  3 44.000  1.7   1
      922  12.389761  -86.450000     3.917     2162.8     4587.9    -3235.3      0.0      0.0      0.0 2014  6 17  3 18 30.000  1.5   1
      928  12.377639  -86.490527    17.114    -2244.2     3246.9     9961.8      0.0      0.0      0.0 2014  6 19  3 29 34.000  2.9   1
      933  12.344735  -86.497868     5.375    -3043.0     -393.1    -1776.2      0.0      0.0      0.0 2014  6 19 23 27 39.000  1.1   1
      943  12.362154  -86.502010     4.887    -3493.3     1533.9    -2263.6      0.0      0.0      0.0 2014  6 21  6 58 46.000  1.2   1
      944  12.361044  -86.468490     2.621      152.2     1411.1    -4530.7      0.0      0.0      0.0 2014  6 21 14  0 10.000  2.1   1
      946  12.349428  -86.481714     1.875    -1286.2      126.2    -5276.2      0.0      0.0      0.0 2014  6 22 20 43  1.000  2.2   1
      949  12.339843  -86.521004    11.913    -5559.2     -934.2     4761.1      0.0      0.0      0.0 2014  6 24  1 16  3.000  1.4   1
      956  12.493185  -86.649178     7.614   -19494.5    16029.1      462.3      0.0      0.0      0.0 2014  6 24 22 29 47.000  2.2   1
      960  12.458485  -86.638835     4.143   -18370.6    12190.4    -3009.0      0.0      0.0      0.0 2014  6 24 23 47 27.000  1.1   1
      962  12.446389  -86.667472     4.894   -21485.7    10852.3    -2257.1      0.0      0.0      0.0 2014  6 25  1  6 50.000  1.4   1
      963  12.490251  -86.630282     3.540   -17439.5    15704.5    -3612.1      0.0      0.0      0.0 2014  6 25  1 34 31.000  2.4   1
      965  12.459280  -86.629940     9.524   -17403.6    12278.4     2371.9      0.0      0.0      0.0 2014  6 25  2  9 12.000  0.9   1
      968  12.450612  -86.660441     5.948   -20720.6    11319.5    -1203.4      0.0      0.0      0.0 2014  6 25  6 26  7.000  0.7   1
      969  12.485498  -86.629354     5.186   -17339.2    15178.8    -1966.4      0.0      0.0      0.0 2014  6 25  9 25 58.000  1.7   1
      970  12.461990  -86.638843     2.325   -18371.2    12578.2    -4826.0      0.0      0.0      0.0 2014  6 25 11 12 17.000  1.5   1
      971  12.446441  -86.527035     1.800    -6213.7    10858.0    -5351.1      0.0      0.0      0.0 2014  6 26  6 12 51.000  0.9   1
      978  12.489250  -86.624455     3.868   -16806.2    15593.7    -3283.6      0.0      0.0      0.0 2014  6 26 20 51 57.000  1.9   1
      980  12.488177  -86.628923     5.866   -17292.0    15475.2    -1285.3      0.0      0.0      0.0 2014  6 28  5 25 42.000  1.8   1
