       42  12.253237  -86.392220     4.982    -3852.4     1829.2    -2709.9     41.4     38.7      9.3 2014  4 11  3 31 42.000  3.9   2
       48  12.288608  -86.409033     5.543    -5681.5     5742.0    -2147.6     40.8     38.8      9.5 2014  4 11  4 35  9.000  3.1   2
       49  12.288898  -86.379118     5.547    -2426.5     5774.2    -2143.7     41.1     38.2     10.4 2014  4 11  5 20 13.000  2.7   2
       51  12.307564  -86.372225     3.210    -1676.8     7839.1    -4481.7     41.1     38.7     13.3 2014  4 11  5 29 38.000  2.7   2
       52  12.267413  -86.396826    12.524    -4353.3     3397.5     4832.9     44.1     40.9     31.5 2014  4 11  5 33 50.000  3.1   2
       53  12.294126  -86.380575     5.713    -2585.6     6352.5    -1977.5     41.1     38.2     11.4 2014  4 11  5 43 21.000  3.0   2
       69  12.286558  -86.414299    13.593    -6254.6     5515.3     5902.0     45.0     45.2     43.2 2014  4 11  9  1  7.000  2.7   2
       96  12.260722  -86.438542     4.777    -8892.3     2657.2    -2914.1     41.0     40.0     11.9 2014  4 11 14 10 36.000  2.6   2
       99  12.256626  -86.393075    11.631    -3945.8     2204.2     3939.7     48.5     53.5     49.1 2014  4 11 14 52 41.000  3.3   2
      102  12.257446  -86.433651    13.897    -8360.7     2294.9     6205.3     45.7     45.6     42.9 2014  4 11 15 56 52.000  3.3   2
      123  12.283473  -86.415177     1.843    -6350.5     5174.0    -5848.9     42.0     40.9     17.9 2014  4 11 21 38 53.000  3.3   2
      126  12.284129  -86.355827     3.165      107.6     5246.6    -4526.4     41.7     38.9     32.2 2014  4 11 21 51 32.000  3.7   2
      132  12.201444  -86.436019    15.185    -8618.7    -3900.2     7493.2     64.2     61.4    267.4 2014  4 12  0  8 11.000  4.1   2
      133  12.298459  -86.431413    12.281    -8116.4     6831.8     4589.4     58.2     66.9    117.4 2014  4 12  0 16 55.000  3.3   2
      134  12.260281  -86.417521     5.680    -6605.0     2608.5    -2010.7     41.1     39.2      9.3 2014  4 12  0 21 37.000  4.0   2
      137  12.281664  -86.408651    15.771    -5640.1     4973.9     8079.1     45.3     44.8     42.0 2014  4 12  2 50 42.000  2.9   2
      141  12.257970  -86.438623    13.680    -8900.9     2352.8     5988.0     45.4     46.7     42.0 2014  4 12  3 40 38.000  3.3   2
      155  12.262033  -86.416927     8.723    -6540.6     2802.2     1031.5     41.2     39.3    102.7 2014  4 12 10  2  9.000  3.2   2
      157  12.293995  -86.385050     2.172    -3072.7     6338.0    -5519.3     41.0     38.7     29.1 2014  4 12 10 23 13.000  2.7   2
      178  12.286815  -86.391667     4.841    -3792.2     5543.8    -2850.2     41.0     38.7      9.7 2014  4 13  1 20  6.000  4.3   2
      183  12.266023  -86.419775     5.642    -6850.4     3243.7    -2048.2     41.0     39.2      8.9 2014  4 13  2  7 37.000  3.4   2
      228  12.263969  -86.403353    11.982    -5064.1     3016.4     4290.5     47.1     51.6     48.3 2014  4 13 17 41 35.000  3.1   2
      238  12.278453  -86.426807     5.640    -7615.1     4618.7    -2050.8     40.8     39.4      9.6 2014  4 14  0 27 46.000  2.6   2
      245  12.302912  -86.385897     5.622    -3164.2     7324.5    -2068.4     40.9     38.7     11.3 2014  4 14  4 12 24.000  4.4   2
      248  12.263648  -86.384465     4.882    -3009.1     2981.0    -2809.1     41.4     38.4      9.2 2014  4 14  5  7  3.000  5.6   2
      249  12.258828  -86.401473     2.461    -4859.6     2447.6    -5230.1     41.3     38.9     27.1 2014  4 14  5 11  6.000  3.1   2
      250  12.287052  -86.379036     5.649    -2418.2     5570.0    -2041.0     41.1     38.5     10.2 2014  4 14  5 17  7.000  2.9   2
      251  12.268141  -86.402425     8.686    -4963.1     3477.9      994.2     41.2     38.9     56.4 2014  4 14  5 25 27.000  3.1   2
      252  12.276120  -86.391536     4.843    -3778.1     4360.6    -2848.9     41.1     38.5      9.7 2014  4 14  5 39 43.000  3.0   2
      253  12.285617  -86.394979     0.615    -4152.6     5411.2    -7075.2     61.7     87.2     15.4 2014  4 14  5 43 53.000  4.6   2
      254  12.277581  -86.399618     5.591    -4657.5     4522.2    -2099.9     41.0     38.8      9.5 2014  4 14  5 49 29.000  3.5   2
      255  12.287448  -86.374935    13.856    -1971.5     5613.8     6164.6     82.2     87.8     46.9 2014  4 14  5 54 58.000  2.5   2
      256  12.281720  -86.376351     5.652    -2125.9     4980.1    -2038.0     41.2     38.4     10.0 2014  4 14  5 59 25.000  3.5   2
      257  12.237150  -86.417090    12.878    -6558.6       49.6     5186.6     44.8     42.5     30.8 2014  4 14  6  5 24.000  3.5   2
      258  12.244330  -86.403231     7.955    -5050.6      843.9      263.1     41.5     38.8     63.6 2014  4 14  6 12 31.000  4.0   2
      259  12.257285  -86.396224    11.291    -4288.3     2277.0     3599.7     51.5     59.9    140.3 2014  4 14  6 20 56.000  3.5   2
      261  12.241169  -86.417782    16.685    -6633.5      494.3     8993.7     44.8     43.2     26.5 2014  4 14  6 31  1.000  2.9   2
      262  12.212608  -86.430941    16.780    -8066.5    -2665.3     9088.9     55.6     51.7     59.8 2014  4 14  6 34 11.000  3.0   2
      263  12.263202  -86.393717     4.862    -4015.4     2931.5    -2829.5     41.3     38.6      8.9 2014  4 14  6 39  2.000  2.8   2
      265  12.263494  -86.386654     4.766    -3247.0     2963.9    -2925.7     41.3     38.5      9.3 2014  4 14  6 52 26.000  3.2   2
      267  12.268764  -86.391772     5.513    -3803.8     3546.9    -2178.1     41.2     38.6      9.2 2014  4 14  7 10  5.000  3.1   2
      270  12.256069  -86.392163     4.806    -3846.3     2142.5    -2885.5     41.4     38.8      9.3 2014  4 14  7 27 46.000  2.7   2
      271  12.274388  -86.384530     5.585    -3015.4     4169.0    -2105.6     41.2     38.5      9.6 2014  4 14  7 36 13.000  3.1   2
      282  12.274469  -86.383716     5.542    -2926.7     4178.0    -2148.6     41.2     38.5      9.6 2014  4 14  9  5 18.000  3.3   2
      284  12.276028  -86.391390     5.794    -3761.9     4350.5    -1897.6     41.1     38.6      9.1 2014  4 14  9 23 45.000  3.0   2
      291  12.286389  -86.411092     3.514    -5905.4     5496.7    -4176.4     41.1     39.6     12.3 2014  4 14 11 32  4.000  3.0   2
      292  12.246558  -86.450187    17.307   -10159.9     1090.4     9615.9     45.1     44.2     30.4 2014  4 14 11 36 40.000  3.3   2
      293  12.278387  -86.410278     5.570    -5817.3     4611.5    -2120.3     40.9     39.1      9.4 2014  4 14 11 54 22.000  3.0   2
      294  12.280708  -86.416545     0.613    -6499.1     4868.1    -7077.3     33.8     39.7     11.6 2014  4 14 12 36 25.000  3.8   2
      295  12.261122  -86.393823     5.700    -4027.1     2701.4    -1990.4     41.3     38.8     10.1 2014  4 14 12 44 18.000  2.7   2
      300  12.258998  -86.400529     4.757    -4756.3     2466.5    -2934.8     41.3     38.9      9.4 2014  4 14 13 50 15.000  3.2   2
      304  12.264960  -86.396305     5.406    -4296.7     3126.0    -2285.7     41.2     38.8      9.4 2014  4 14 15 54 21.000  3.6   2
      305  12.260434  -86.394157     8.614    -4063.3     2625.4      922.8     45.4     47.0     55.5 2014  4 14 16 21 47.000  2.7   2
      306  12.273441  -86.423153     4.848    -7218.0     4064.2    -2843.5     40.9     39.5     10.0 2014  4 14 17  0 57.000  2.9   2
      310  12.271591  -86.408008     8.761    -5570.3     3859.7     1069.1     41.1     39.0     57.2 2014  4 14 18 14 22.000  3.7   2
      317  12.286340  -86.411060     5.556    -5902.1     5491.2    -2134.9     40.8     39.0      9.3 2014  4 14 20 51 29.000  3.3   2
      320  12.281070  -86.406217     4.753    -5375.5     4908.2    -2939.0     42.1     40.2      9.6 2014  4 14 21 40 33.000  3.4   2
      323  12.232921  -86.422567    14.825    -7154.6     -418.2     7133.8     46.1     46.9     41.9 2014  4 14 22 19 29.000  2.9   2
      330  12.262114  -86.424243    12.056    -7336.5     2811.3     4364.5     44.3     46.1     47.6 2014  4 15  0 53 43.000  2.5   2
      341  12.275749  -86.427832    14.946    -7726.7     4319.6     7254.1     45.0     45.7     44.5 2014  4 15  4  0 46.000  2.7   2
      342  12.236236  -86.361515     5.746     -511.7      -51.5    -1944.5     42.3     38.5     13.3 2014  4 15  4 15 46.000  2.6   2
      343  12.223606  -86.362850     5.737     -657.4    -1448.7    -1953.2     42.5     38.8     14.2 2014  4 15  4 28  7.000  4.2   2
      348  12.203102  -86.368075     5.912    -1226.0    -3716.9    -1778.9     42.1     41.1     15.0 2014  4 15  7  4  5.000  3.5   2
      360  12.265149  -86.403971     1.412    -5131.1     3147.0    -6279.4     42.6     41.0     48.6 2014  4 15 12  2  0.000  2.7   2
      362  12.277962  -86.389950     5.592    -3605.7     4564.4    -2098.2     41.1     38.6      9.4 2014  4 15 12 48 12.000  3.3   2
      398  12.201200  -86.401318     5.802    -4842.6    -3927.3    -1888.5     42.1     42.7     20.9 2014  4 16 22 44 53.000  2.8   2
      408  12.254167  -86.404631    14.878    -5202.7     1932.1     7186.2     44.4     42.2     27.2 2014  4 17  4 34 41.000  2.5   2
      429  12.201337  -86.400789     2.568    -4785.5    -3912.2    -5123.1     42.1     42.6     28.4 2014  4 17 22 32 17.000  3.7   2
      433  12.201673  -86.398763     3.809    -4564.6    -3874.9    -3883.0     42.1     42.2     25.1 2014  4 17 23 42 21.000  2.5   2
      449  12.267735  -86.408610    15.700    -5635.9     3433.0     8008.5     45.3     47.1     41.1 2014  4 18 14  9 20.000  2.6   2
      658  12.264269  -86.411377     4.891    -5937.0     3049.6    -2800.8     41.1     39.1      8.9 2014  5  2  2 48 41.000  3.6   2
      738  12.266550  -86.400439     2.841    -4746.5     3301.9    -4850.9     41.2     38.8     26.6 2014  5 15  1 49 57.000  2.5   2
      837  12.278591  -86.422632     3.505    -7161.3     4633.9    -4187.0     40.8     39.3      9.1 2014  6  1 11 38 16.000  3.6   2
      974  12.251728  -86.404419     4.924    -5179.6     1662.3    -2767.3     41.4     39.1     10.1 2014  6 26  7  0 32.000  2.5   2
