        1  12.381217  -86.459831     2.381     1093.5     3642.8    -4770.6      2.0      2.2      1.5 2014  4 10 18 43 54.000  4.0   1
        2  12.346209  -86.535547     5.151    -7140.7     -230.1    -2000.4      0.5      0.6      0.5 2014  4 10 18 46  2.000  1.9   1
        5  12.417374  -86.526245     3.672    -6128.3     7642.5    -3480.1      0.5      1.3      0.6 2014  4 10 23 35  2.000  4.4   1
        6  12.346033  -86.552702     3.048    -9007.0     -249.5    -4102.5      0.6      0.6      0.6 2014  4 10 23 37 25.000  3.8   1
       12  12.335518  -86.455566     2.929     1558.2    -1412.6    -4222.4      1.6      1.3      0.9 2014  4 11  0  1 22.000  5.0   1
       13  12.346674  -86.448787     1.770     2295.4     -178.6    -5381.2      0.5      0.6      0.4 2014  4 11  0 12 13.000  3.6   1
       14  12.414602  -86.516235     4.422    -5039.8     7335.9    -2728.7      3.0      5.3      1.8 2014  4 11  0 28 46.000  5.0   1
       15  12.387208  -86.470695     5.503      -87.7     4305.5    -1647.9      0.9      1.6      0.7 2014  4 11  0 39 46.000  3.9   1
       17  12.404608  -86.460726     5.411      996.9     6230.4    -1740.3      0.4      0.6      0.5 2014  4 11  0 44 26.000  4.0   1
       19  12.398989  -86.607674     0.675   -14983.7     5608.7    -6476.3      0.9      0.8      0.4 2014  4 11  0 54 59.000  2.7   1
       24  12.342161  -86.454704    13.126     1652.0     -677.8     5973.7      0.2      0.2      0.4 2014  4 11  1 34 10.000  3.2   1
       25  12.449589  -86.550228     3.998    -8735.9    11206.4    -3153.1      1.0      0.7      0.8 2014  4 11  1 38  1.000  3.9   1
       26  12.368153  -86.482332     5.760    -1353.0     2197.5    -1391.3      1.8      2.7      0.9 2014  4 11  1 46 17.000  3.2   1
       30  12.436288  -86.477010     1.884     -774.1     9735.0    -5267.2      1.0      0.6      0.5 2014  4 11  2 11 18.000  2.4   1
       35  12.319565  -86.451766     8.350     1970.8    -3177.5     1198.8      0.5      0.6      2.2 2014  4 11  2 48 43.000  1.4   1
       44  12.406421  -86.484513    12.564    -1590.6     6430.9     5411.5      0.0      0.0      0.0 2014  4 11  3 49 57.000  3.9   1
       45  12.445972  -86.494946     4.067    -2724.8    10806.2    -3085.1      0.6      0.9      0.7 2014  4 11  4  3 25.000  3.1   1
       47  12.425166  -86.502295     4.740    -3524.2     8504.6    -2412.1      1.0      0.6      0.6 2014  4 11  4 27 29.000  2.5   1
       48  12.336178  -86.437166     3.111     3558.7    -1339.7    -4040.0      0.2      0.2      0.2 2014  4 11  4 35  9.000  3.1   1
       49  12.329087  -86.424976     2.755     4885.2    -2124.1    -4395.8      0.4      0.3      0.3 2014  4 11  5 20 13.000  2.7   1
       50  12.360912  -86.538818    23.326    -7496.4     1396.5    16174.1      0.1      0.1      0.1 2014  4 11  5 23 41.000  3.8   1
       53  12.306680  -86.434261     3.653     3875.6    -4602.8    -3497.9      0.3      0.3      0.3 2014  4 11  5 43 21.000  3.0   1
       71  12.349313  -86.435799    14.783     3707.9      113.5     7630.8      0.1      0.1      0.1 2014  4 11  9 11  1.000  3.3   1
       79  12.451408  -86.551123     5.789    -8832.9    11407.5    -1363.3      0.4      0.5      0.4 2014  4 11 10 33  7.000  2.3   1
       80  12.373958  -86.465210     4.544      508.6     2839.7    -2606.5      0.8      0.5      0.8 2014  4 11 10 52 20.000  2.8   1
       81  12.351342  -86.441374     1.988     3101.0      337.9    -5163.1      1.4      0.7      0.6 2014  4 11 11  4 50.000  2.7   1
       86  12.395120  -86.520825     3.035    -5539.4     5180.7    -4117.1      0.5      0.6      0.5 2014  4 11 11 45 31.000  3.0   1
       88  12.337716  -86.479159     1.932    -1008.3    -1169.5    -5218.8      1.0      0.6      0.5 2014  4 11 12 20 41.000  2.9   1
       91  12.393524  -86.462337     1.020      821.0     5004.2    -6131.0      0.4      0.3      0.2 2014  4 11 12 52 31.000  3.0   1
       97  12.333814  -86.470744     3.053      -92.8    -1601.1    -4099.0      0.8      0.6      0.4 2014  4 11 14 28  4.000  3.3   1
      100  12.394188  -86.515682     1.802    -4980.2     5077.7    -5349.3      1.1      0.7      0.5 2014  4 11 15 17 53.000  2.3   1
      101  12.409722  -86.528988     8.571    -6426.7     6796.1     1418.6      0.6      0.9      2.2 2014  4 11 15 23 19.000  2.2   1
      106  12.384068  -86.472925     5.501     -330.2     3958.1    -1649.9      3.2      5.5      2.0 2014  4 11 17  7 42.000  3.5   1
      107  12.457174  -86.627889     4.832   -17180.5    12045.4    -2320.1      0.3      0.4      0.4 2014  4 11 17 16 14.000  1.8   1
      109  12.380973  -86.479020     1.511     -993.2     3615.8    -5641.5      0.5      0.6      0.4 2014  4 11 18 17 18.000  4.4   1
      119  12.362488  -86.473014     4.448     -339.8     1570.8    -2704.3      1.0      1.6      0.9 2014  4 11 20  5 15.000  3.7   1
      120  12.305309  -86.433374     1.122     3972.1    -4754.5    -6029.0      0.6      0.6      0.4 2014  4 11 20  8 43.000  3.2   1
      128  12.399749  -86.494092     1.841    -2631.9     5692.8    -5309.9      0.5      0.7      0.4 2014  4 11 22 23 40.000  1.4   1
      129  12.494812  -86.585710     2.000   -12593.3    16209.1    -5151.3      0.8      0.6      0.5 2014  4 11 22 35 36.000  1.9   1
      134  12.266451  -86.440332     5.586     3214.8    -9053.1    -1564.6      0.5      0.6      0.5 2014  4 12  0 21 37.000  4.0   1
      136  12.426918  -86.513298    13.824    -4720.4     8698.4     6672.0      0.0      0.0      0.0 2014  4 12  2 30 43.000  2.8   1
      139  12.384504  -86.442399     2.756     2989.7     4006.4    -4396.4      0.8      0.8      0.8 2014  4 12  3 20 25.000  2.0   1
      142  12.359511  -86.484660     1.798    -1606.1     1241.5    -5352.5      0.7      0.4      0.3 2014  4 12  5  3 37.000  2.2   1
      143  12.373355  -86.507503     3.377    -4090.4     2773.1    -3774.8      1.0      0.8      0.6 2014  4 12  5 25 52.000  1.8   1
      146  12.307443  -86.450334     3.138     2127.4    -4518.4    -4013.9      0.3      0.4      0.3 2014  4 12  6 11 10.000  2.3   1
      147  12.459508  -86.570321     2.965   -10920.4    12303.6    -4187.2      0.4      0.5      0.4 2014  4 12  6 25 25.000  1.9   1
      149  12.396906  -86.506763     3.169    -4010.4     5378.3    -3983.1      0.7      0.8      0.6 2014  4 12  7  4 47.000  1.6   1
      157  12.325904  -86.418522     2.362     5586.6    -2476.2    -4789.6      0.3      0.2      0.2 2014  4 12 10 23 13.000  2.7   1
      162  12.439123  -86.497754     3.010    -3030.1    10048.5    -4141.6      0.7      1.0      0.7 2014  4 12 12 58  7.000  3.0   1
      165  12.351793  -86.512256     1.157    -4607.6      387.8    -5993.8      0.7      0.8      0.5 2014  4 12 14 17 50.000  2.8   1
      166  12.433322  -86.539388     0.995    -7557.9     9406.8    -6156.3      1.2      1.5      0.5 2014  4 12 14 49 26.000  1.7   1
      168  12.424054  -86.538118     4.905    -7419.2     8381.6    -2246.9      1.0      0.7      0.6 2014  4 12 17 54  5.000  2.6   1
      169  12.436811  -86.551685     3.924    -8894.7     9792.8    -3227.8      0.7      0.8      0.7 2014  4 12 18 16  2.000  2.2   1
      174  12.359974  -86.567716    11.491   -10639.1     1292.7     4338.6      0.1      0.1      0.1 2014  4 12 21 28 59.000  1.2   1
      183  12.315502  -86.476872     1.609     -759.1    -3627.0    -5541.7      0.7      0.8      0.5 2014  4 13  2  7 37.000  3.4   1
      184  12.400514  -86.541309    19.587    -7767.3     5777.4    12434.7      0.2      0.3      0.3 2014  4 13  2 18 34.000  1.7   1
      187  12.418119  -86.596859     2.981   -13807.8     7725.0    -4170.2      1.3      1.3      0.9 2014  4 13  3 12 12.000  2.0   1
      191  12.374285  -86.542603     4.157    -7908.1     2875.9    -2994.9      0.7      0.9      0.8 2014  4 13  4 18 53.000  1.4   1
      192  12.387386  -86.434375    12.969     3861.9     4325.2     5816.8      0.1      0.1      0.1 2014  4 13  4 21 32.000  1.8   1
      193  12.371559  -86.508325    13.408    -4180.2     2574.3     6256.1      0.1      0.1      0.2 2014  4 13  4 59  0.000  1.6   1
      196  12.351397  -86.458553     5.047     1232.5      343.9    -2105.0      0.8      0.7      0.5 2014  4 13  5 54 36.000  3.6   1
      197  12.355506  -86.559521     5.630    -9748.1      798.5    -1521.1      1.0      1.1      1.0 2014  4 13  6  5 48.000  1.4   1
      203  12.337575  -86.500073     5.487    -3283.2    -1185.1    -1664.0      0.8      1.1      0.6 2014  4 13  6 53 29.000  1.9   1
      204  12.358564  -86.476595     1.656     -729.5     1136.8    -5496.1      0.5      0.6      0.4 2014  4 13  7  0 40.000  2.1   1
      210  12.396254  -86.507511     5.307    -4091.3     5306.3    -1844.8      0.7      0.6      0.6 2014  4 13  7 57 47.000  3.6   1
      211  12.395549  -86.477645     3.787     -843.3     5228.2    -3363.6      3.8      4.6      1.1 2014  4 13  8 20 56.000  2.1   1
      214  12.424539  -86.472998     4.234     -337.9     8435.2    -2917.1      1.5      1.6      1.4 2014  4 13  8 32 35.000  2.4   1
      218  12.394795  -86.490007     3.741    -2187.4     5144.8    -3411.1      2.2      2.4      1.0 2014  4 13  9 54  4.000  2.7   1
      220  12.368180  -86.462362     4.794      818.5     2200.6    -2357.3      0.5      0.4      0.4 2014  4 13 10 29 34.000  2.4   1
      224  12.375446  -86.520492     4.997    -5503.1     3004.2    -2154.1      0.9      1.7      0.9 2014  4 13 13 50 42.000  2.6   1
      225  12.396094  -86.529948     4.258    -6531.5     5288.5    -2893.6      0.9      0.7      0.5 2014  4 13 14 46 27.000  3.6   1
      226  12.422348  -86.521305     3.154    -5591.3     8192.8    -3997.8      0.9      0.6      0.6 2014  4 13 14 51 52.000  2.4   1
      229  12.399365  -86.578190    11.873   -11777.4     5650.4     4721.2      0.0      0.1      0.1 2014  4 13 17 54 30.000  1.8   1
      235  12.339105  -86.412891     4.595     6199.2    -1015.8    -2556.7      0.7      0.7      0.6 2014  4 13 23 40 11.000  3.6   1
      249  12.274039  -86.436369     2.371     3646.5    -8213.8    -4780.5      0.4      0.5      0.4 2014  4 14  5 11  6.000  3.1   1
      250  12.306825  -86.422550     4.046     5149.0    -4586.9    -3104.6      0.3      0.3      0.3 2014  4 14  5 17  7.000  2.9   1
      252  12.297526  -86.429329     3.319     4411.4    -5615.5    -3833.2      0.5      0.4      0.4 2014  4 14  5 39 43.000  3.0   1
      253  12.282576  -86.454142     1.151     1713.2    -7269.3    -5999.9      0.4      0.5      0.3 2014  4 14  5 43 53.000  4.6   1
      254  12.323176  -86.441325     2.781     3107.2    -2777.9    -4369.6      0.3      0.3      0.3 2014  4 14  5 49 29.000  3.5   1
      255  12.239738  -86.340446    11.971    14081.0   -12008.3     4819.0      0.4      0.3      0.4 2014  4 14  5 54 58.000  2.5   1
      257  12.211360  -86.370760    11.548    10784.5   -15147.5     4395.9      0.3      0.4      0.7 2014  4 14  6  5 24.000  3.5   1
      261  12.220004  -86.360327    15.881    11919.3   -14191.2     8729.3      0.2      0.2      0.4 2014  4 14  6 31  1.000  2.9   1
      262  12.188546  -86.368636    15.663    11016.0   -17671.3     8510.9      0.1      0.1      0.1 2014  4 14  6 34 11.000  3.0   1
      270  12.259857  -86.459969     2.739     1078.7    -9782.6    -4413.3      0.1      0.1      0.1 2014  4 14  7 27 46.000  2.7   1
      272  12.508774  -86.531706     1.161    -6721.6    17753.6    -5990.5      0.1      0.1      0.0 2014  4 14  7 41 56.000  2.6   1
      273  12.191681  -86.351514    17.213    12878.1   -17324.5    10060.7      0.1      0.1      0.1 2014  4 14  7 51 33.000  2.5   1
      274  12.198309  -86.358504    14.939    12117.3   -16591.3     7786.9      0.3      0.3      0.6 2014  4 14  7 56 18.000  2.2   1
      276  12.382410  -86.451750     3.986     1972.9     3774.7    -3165.6      0.7      0.9      0.8 2014  4 14  8 32 35.000  2.6   1
      286  12.379019  -86.506860     4.452    -4021.0     3399.6    -2698.7      0.7      0.8      0.6 2014  4 14 10 14 24.000  2.8   1
      289  12.229585  -86.359302    14.020    12030.4   -13131.5     6868.3      0.3      0.3      0.3 2014  4 14 10 52 13.000  2.4   1
      292  12.230492  -86.390487    16.070     8637.5   -13031.0     8918.0      0.3      0.3      0.4 2014  4 14 11 36 40.000  3.3   1
      295  12.279273  -86.430575     4.294     4276.6    -7634.6    -2856.7      0.4      0.3      0.3 2014  4 14 12 44 18.000  2.7   1
      296  12.359027  -86.486971     5.790    -1857.4     1188.0    -1361.4      2.8      4.1      1.4 2014  4 14 12 53 33.000  1.9   1
      300  12.283137  -86.429899     3.442     4349.6    -7207.2    -3710.2      1.5      2.2      0.6 2014  4 14 13 50 15.000  3.2   1
      301  12.163447  -86.463102    10.116      738.8   -20447.9     2964.8      0.3      0.5      1.0 2014  4 14 13 54 31.000  1.8   1
      308  12.415314  -86.481185     1.451    -1228.5     7414.7    -5699.9      1.2      0.8      0.9 2014  4 14 17 32 23.000  2.0   1
      314  12.295706  -86.539697    25.667    -7592.9    -5816.9    18515.1      0.1      0.1      0.1 2014  4 14 19 14 35.000  2.1   1
      332  12.269270  -86.529305     2.779    -6463.5    -8741.3    -4372.6      0.1      0.0      0.0 2014  4 15  1 12 47.000  1.3   1
      334  12.223070  -86.382389     4.308     9518.5   -13852.1    -2842.7      2.7      3.1      0.8 2014  4 15  2 15 48.000  1.9   1
      339  12.370335  -86.447331     5.473     2453.7     2439.0    -1678.0      1.5      1.9      0.8 2014  4 15  3 41 44.000  3.3   1
      348  12.126138  -86.413639     8.594     6120.7   -24575.1     1443.1      0.3      0.5      1.0 2014  4 15  7  4  5.000  3.5   1
      356  12.363587  -86.460929     5.113      974.3     1692.4    -2037.8      0.8      1.1      0.5 2014  4 15  9 27  5.000  1.5   1
      362  12.283003  -86.415316     5.443     5936.2    -7222.2    -1707.6      1.5      2.1      0.8 2014  4 15 12 48 12.000  3.3   1
      367  12.386722  -86.576538     1.874   -11598.8     4251.8    -5277.8      0.9      0.9      0.6 2014  4 15 16 28 23.000  1.2   1
      371  12.434426  -86.515210     4.017    -4928.4     9528.9    -3133.5      1.0      1.9      1.1 2014  4 15 18 50  4.000  2.8   1
      372  12.443442  -86.450293     3.337     2131.0    10526.3    -3815.0      0.6      0.6      0.6 2014  4 15 19 42 44.000  2.6   1
      377  12.349700  -86.459684     5.479     1109.9      156.2    -1672.1      0.9      1.6      0.7 2014  4 16  3 18 32.000  3.8   1
      378  12.374318  -86.457609     5.118     1335.5     2879.6    -2032.8      1.0      1.6      1.0 2014  4 16  3 48 38.000  2.0   1
      381  12.379886  -86.458504     5.707     1237.9     3495.5    -1444.3      1.5      1.8      0.7 2014  4 16  5 21 52.000  2.3   1
      382  12.389052  -86.516357     3.761    -5053.8     4509.5    -3391.3      1.4      1.1      0.9 2014  4 16  5 25 14.000  2.0   1
      390  12.362116  -86.488729    24.784    -2048.7     1529.8    17632.1      0.0      0.0      0.0 2014  4 16 15 40  7.000  1.7   1
      398  12.135336  -86.448291     8.231     2350.2   -23557.6     1079.7      0.3      0.3      0.3 2014  4 16 22 44 53.000  2.8   1
      399  12.224121  -86.385425     3.671     9188.2   -13735.9    -3480.0      2.8      3.2      0.8 2014  4 16 22 53 26.000  1.8   1
      402  12.349660  -86.461808     5.721      878.5      151.8    -1430.0      0.6      0.4      0.4 2014  4 17  0 11 45.000  2.3   1
      411  12.327400  -86.542464    24.321    -7893.5    -2310.7    17168.6      0.0      0.0      0.0 2014  4 17  6 44 21.000  2.2   1
      423  12.364811  -86.432707     2.431     4044.0     1827.9    -4720.2      0.5      0.6      0.5 2014  4 17 15 45  8.000  3.0   1
      429  12.120775  -86.445947     8.198     2604.7   -25168.4     1046.5      0.2      0.3      0.3 2014  4 17 22 32 17.000  3.7   1
      431  12.355570  -86.539632    23.550    -7585.3      805.7    16397.5      0.0      0.0      0.0 2014  4 17 23  6 21.000  1.4   1
      434  12.353484  -86.469653     2.683       25.5      574.9    -4468.3      0.7      0.4      0.4 2014  4 18  0 19  5.000  3.9   1
      438  12.389211  -86.511833    14.306    -4561.0     4527.0     7154.4      0.8      1.0      3.2 2014  4 18  3 42 53.000  2.8   1
      445  12.362688  -86.472078     4.641     -238.2     1593.1    -2510.3      0.7      0.8      0.7 2014  4 18 12  5 17.000  2.5   1
      446  12.341389  -86.449910     4.435     2173.2     -763.2    -2717.4      0.7      0.6      0.5 2014  4 18 12 21 58.000  4.4   1
      447  12.365237  -86.503019     0.495    -3602.9     1875.0    -6656.2      0.7      0.7      0.3 2014  4 18 12 26 45.000  3.7   1
      452  12.315565  -86.457202     4.461     1380.3    -3619.9    -2690.9      0.4      0.4      0.4 2014  4 18 16 51 38.000  2.2   1
      453  12.388959  -86.494230     4.714    -2647.5     4499.1    -2436.7      0.5      1.0      0.6 2014  4 18 17 21 29.000  3.0   1
      458  12.311046  -86.638981    18.643   -18391.5    -4119.8    11490.7      0.1      0.1      0.2 2014  4 19  1 11 29.000  1.1   1
      462  12.434231  -86.536100     2.230    -7199.9     9507.3    -4922.0      0.6      0.8      0.6 2014  4 19  6 40 24.000  1.4   1
      463  12.347736  -86.563582     4.789   -10190.2      -61.1    -2362.7      2.0      2.0      1.9 2014  4 19  6 59  8.000  1.2   1
      464  12.254626  -86.496574     1.557    -2903.1   -10361.3    -5594.8      0.1      0.0      0.0 2014  4 19  7  6 33.000  1.7   1
      467  12.375072  -86.481999    14.003    -1316.8     2963.0     6851.0      0.0      0.0      0.0 2014  4 19  8 28 53.000  1.4   1
      470  12.343915  -86.487793     1.048    -1947.1     -483.8    -6103.2      0.9      1.0      0.4 2014  4 19 13 44 28.000  3.9   1
      472  12.399656  -86.491520     4.054    -2352.3     5682.6    -3097.8      0.6      0.7      0.6 2014  4 19 14 33 32.000  2.4   1
      473  12.406847  -86.554240     1.949    -9173.3     6478.1    -5203.1      0.6      0.8      0.5 2014  4 19 17 40 17.000  1.9   1
      474  12.389550  -86.516488     5.474    -5067.7     4564.6    -1676.7      1.0      1.0      0.9 2014  4 19 18 18 15.000  4.0   1
      476  12.395969  -86.553532     4.968    -9096.3     5274.6    -2183.8      1.1      1.6      0.7 2014  4 19 19  9 45.000  1.6   1
      480  12.368690  -86.537313    17.545    -7333.2     2256.9    10393.3      0.1      0.1      0.2 2014  4 20  0 27 38.000  2.6   1
      481  12.372910  -86.509717    22.887    -4331.6     2723.8    15735.3      0.0      0.0      0.0 2014  4 20  3 34 39.000  2.3   1
      483  12.366852  -86.468026     4.892      202.5     2053.6    -2260.0      0.8      0.7      0.5 2014  4 20  4 24  4.000  2.9   1
      487  12.461151  -86.550399     3.918    -8754.3    12485.4    -3233.5      0.4      0.5      0.4 2014  4 20  9 23 20.000  2.9   1
      489  12.370868  -86.515438     5.809    -4953.7     2497.9    -1343.2      0.6      0.6      0.5 2014  4 20 11 43 41.000  2.5   1
      492  12.404763  -86.501457     3.088    -3433.3     6247.5    -4064.4      0.9      1.6      0.9 2014  4 20 14 42 22.000  3.0   1
      496  12.397618  -86.550586     1.945    -8776.1     5457.1    -5206.2      0.8      1.0      0.6 2014  4 21  0 15 54.000  1.5   1
      497  12.237880  -86.419189     1.024     5515.7   -12213.8    -6128.0      0.1      0.1      0.1 2014  4 21  3 35 51.000  1.4   1
      498  12.364343  -86.576237    11.459   -11566.1     1776.1     4306.9      0.1      0.1      0.1 2014  4 21  5 14 36.000  1.6   1
      499  12.388772  -86.495410     5.503    -2775.1     4478.4    -1648.1      0.4      0.5      0.4 2014  4 21  5 29 39.000  1.3   1
      506  12.443406  -86.551742     2.154    -8900.6    10522.4    -4997.6      0.6      0.8      0.7 2014  4 21 15 45 38.000  1.4   1
      507  12.375897  -86.547021     1.664    -8388.2     3054.3    -5487.3      0.7      0.7      0.5 2014  4 21 15 53 33.000  1.4   1
      511  12.276820  -86.540715    25.277    -7704.1    -7906.1    18125.3      0.0      0.0      0.1 2014  4 22  0 18  8.000  2.4   1
      513  12.384139  -86.471867    15.761     -215.3     3966.0     8608.9      0.1      0.1      0.1 2014  4 22  4 14 50.000  2.6   1
      514  12.432906  -86.494580     5.087    -2685.3     9360.8    -2064.2      0.7      0.8      0.5 2014  4 22  4 18 39.000  5.2   1
      520  12.478741  -86.529451    14.225    -6476.0    14431.3     7072.9      0.0      0.0      0.0 2014  4 22  4 35 43.000  2.1   1
      521  12.481213  -86.560612    17.855    -9865.0    14704.7    10703.0      0.0      0.0      0.0 2014  4 22  4 41 24.000  1.4   1
      526  12.391821  -86.561434     2.604    -9955.6     4815.8    -4547.7      0.6      0.7      0.6 2014  4 22  6 23 28.000  1.3   1
      529  12.421580  -86.539119    12.518    -7528.2     8107.9     5365.8      0.0      0.1      0.1 2014  4 22  8 46 49.000  1.3   1
      540  12.332433  -86.503312    23.983    -3635.5    -1753.9    16830.6      0.3      0.3      0.6 2014  4 23  1 11 56.000  2.0   1
      541  12.336321  -86.480021    16.135    -1102.4    -1323.8     8983.1      0.3      0.3      0.5 2014  4 23  1 33 26.000  2.0   1
      545  12.362743  -86.516496     3.350    -5069.0     1599.0    -3802.2      0.7      0.9      0.5 2014  4 23  4  4 13.000  2.8   1
      546  12.384502  -86.471948     5.921     -224.4     4006.2    -1230.3      1.2      1.0      0.7 2014  4 23  4 44 44.000  4.1   1
      552  12.358846  -86.486654     2.313    -1823.4     1167.9    -4837.8      1.0      0.6      0.6 2014  4 23 15 12 21.000  2.1   1
      555  12.396375  -86.493555    16.558    -2574.0     5319.6     9406.4      0.2      0.3      0.4 2014  4 23 20  2 48.000  2.9   1
      560  12.357291  -86.461605     3.247      900.8      995.9    -3905.0      0.9      0.8      0.8 2014  4 24  3 35 53.000  3.3   1
      563  12.383426  -86.479240     1.232    -1017.3     3887.1    -5918.6      0.8      0.7      0.4 2014  4 24  7 10 59.000  2.1   1
      565  12.376802  -86.518848    15.167    -5324.5     3154.3     8014.5      0.3      0.3      0.5 2014  4 24  9 10 60.000  1.6   1
      568  12.342992  -86.491479    14.611    -2348.3     -585.8     7459.3      0.3      0.4      0.7 2014  4 24  9 25 49.000  1.7   1
      570  12.407704  -86.487988     4.718    -1968.6     6572.8    -2433.3      0.9      1.6      0.9 2014  4 24  9 38 56.000  3.2   1
      573  12.382104  -86.474609    14.848     -513.7     3741.0     7696.2      0.6      1.2      1.8 2014  4 24 21 25  8.000  1.6   1
      574  12.353226  -86.527930    25.117    -6312.3      546.2    17964.7      0.0      0.0      0.0 2014  4 24 22 12  2.000  1.7   1
      578  12.408220  -86.520565    19.375    -5510.8     6630.0    12223.5      0.0      0.0      0.0 2014  4 25  2 32 58.000  1.5   1
      584  12.362186  -86.495256     4.884    -2758.5     1537.5    -2267.0      2.1      0.9      1.3 2014  4 25 14 20 29.000  2.5   1
      594  12.341597  -86.461165     2.679      948.7     -740.2    -4471.6      0.4      0.5      0.4 2014  4 26  9 33  5.000  3.6   1
      599  12.375612  -86.473926     1.747     -439.0     3022.8    -5405.0      0.8      0.7      0.5 2014  4 27  2  6 25.000  3.2   1
      602  12.351733  -86.538542    19.339    -7467.1      381.1    12187.2      0.3      0.3      0.3 2014  4 27 14 33 38.000  2.0   1
      604  12.280467  -86.517773    16.839    -5208.4    -7502.6     9686.6      0.5      0.2      0.9 2014  4 27 16  4 34.000  2.8   1
      605  12.294430  -86.532454    18.323    -6805.6    -5958.1    11171.2      0.5      0.2      0.8 2014  4 27 18 51 48.000  1.6   1
      607  12.338238  -86.479443     5.925    -1039.0    -1111.8    -1225.7      1.1      0.7      0.7 2014  4 28  4  0 48.000  3.3   1
      609  12.381231  -86.468058     4.636      198.7     3644.3    -2515.0      0.7      1.6      0.9 2014  4 28  9 42 22.000  3.0   1
      614  12.329761  -86.549788     1.955    -8690.2    -2049.6    -5195.9      0.2      0.3      0.2 2014  4 28 17 19 33.000  1.1   1
      616  12.363321  -86.577083     4.708   -11657.9     1663.0    -2443.3      0.8      0.8      0.8 2014  4 28 22 13 19.000  1.5   1
      619  12.370036  -86.484953     3.766    -1638.0     2405.8    -3386.1      0.5      0.6      0.5 2014  4 29  2 29 36.000  1.6   1
      627  12.388648  -86.514754     4.436    -4878.8     4464.8    -2715.6      0.9      0.6      0.6 2014  4 30  0 51 51.000  2.5   1
      630  12.407581  -86.561165     5.290    -9926.1     6559.1    -1861.6      1.9      2.9      0.8 2014  4 30  6 25 41.000  1.6   1
      631  12.262937  -86.484847     5.904    -1627.0    -9441.9    -1248.1      0.0      0.1      0.0 2014  4 30  8 15 49.000  2.6   1
      635  12.394014  -86.488094    13.562    -1979.5     5058.5     6409.5      0.2      0.3      0.5 2014  5  1  1  8  7.000  1.9   1
      639  12.419271  -86.523503    17.411    -5830.4     7852.4    10258.9      0.4      0.5      0.6 2014  5  1 10  8 54.000  1.5   1
      644  12.318527  -86.509530    24.467    -4311.8    -3292.2    17315.2      0.1      0.1      0.2 2014  5  1 13 47 35.000  1.9   1
      647  12.329202  -86.467244     2.193      288.1    -2111.3    -4957.9      1.4      2.0      0.4 2014  5  1 14 11  5.000  3.1   1
      648  12.402149  -86.530339     2.352    -6573.4     5958.4    -4800.4      0.9      1.1      1.3 2014  5  1 17 49 55.000  3.5   1
      651  12.439322  -86.491813    17.141    -2383.8    10070.6     9988.8      0.4      0.5      0.6 2014  5  1 23  7 14.000  1.5   1
      652  12.420361  -86.489445    11.385    -2126.9     7973.1     4232.9      0.3      0.5      0.5 2014  5  2  0  8 24.000  2.0   1
      653  12.369101  -86.482886    12.681    -1413.8     2302.4     5529.1      0.1      0.1      0.3 2014  5  2  0 37  1.000  1.4   1
      654  12.384976  -86.600252     1.427   -14177.5     4058.6    -5724.5      0.6      0.6      0.4 2014  5  2  0 48 23.000  1.2   1
      658  12.297260  -86.449520     2.805     2215.2    -5645.0    -4347.5      0.3      0.3      0.3 2014  5  2  2 48 41.000  3.6   1
      659  12.356941  -86.491032     4.120    -2299.5      957.2    -3032.5      0.4      0.3      0.3 2014  5  2  3 31  6.000  2.3   1
      663  12.368570  -86.520654     5.979    -5520.9     2243.7    -1173.2      3.2      4.3      1.3 2014  5  2  4 21 56.000  3.9   1
      664  12.382811  -86.523804     3.565    -5863.7     3819.2    -3587.4      0.8      0.6      0.6 2014  5  2  4 25 22.000  2.4   1
      670  12.433418  -86.524292     3.913    -5916.1     9417.5    -3238.1      1.4      1.2      1.2 2014  5  2  5 25 28.000  2.2   1
      674  12.426847  -86.550138     4.813    -8726.8     8690.6    -2339.5      0.5      0.6      0.5 2014  5  2 13 10 52.000  1.2   1
      676  12.348174  -86.539453     4.780    -7566.0      -12.6    -2372.4      4.2      5.2      1.4 2014  5  2 19 37 16.000  1.5   1
      682  12.421742  -86.492212    19.792    -2427.7     8125.7    12639.6      0.0      0.1      0.0 2014  5  4  3 42  5.000  1.1   1
      684  12.435279  -86.494954     3.589    -2726.0     9623.4    -3562.7      1.0      0.8      0.9 2014  5  4  7 36  2.000  1.3   1
      686  12.387541  -86.560539     2.273    -9858.5     4342.3    -4878.0      0.7      0.8      0.6 2014  5  4 12 13  7.000  0.8   1
      687  12.386106  -86.568026     2.116   -10672.2     4183.6    -5035.5      0.7      0.8      0.7 2014  5  4 12 44  5.000  1.0   1
      689  12.434914  -86.537492    12.935    -7350.9     9582.9     5782.6      1.5      2.1      3.1 2014  5  5 12 36 11.000  1.7   1
      696  12.381490  -86.523364    27.900    -5815.5     3672.9    20748.2      0.1      0.1      0.1 2014  5  6 12 43 47.000  1.3   1
      697  12.458872  -86.542871     3.525    -7935.6    12233.3    -3626.6      0.8      1.1      0.8 2014  5  7  0 21 38.000  1.1   1
      703  12.445753  -86.503735     4.945    -3680.3    10782.0    -2205.8      1.0      0.8      0.9 2014  5  7 12 53 30.000  1.4   1
      704  12.390161  -86.517977    17.363    -5229.4     4632.2    10210.5      0.2      0.3      0.4 2014  5  7 15 35 29.000  1.7   1
      705  12.259175  -86.470313     3.143      -46.4    -9858.1    -4008.3      0.0      0.1      0.0 2014  5  7 23 19 50.000  2.0   1
      706  12.350246  -86.586239     3.954   -12654.2      216.6    -3198.3      1.0      1.0      0.9 2014  5  8  3  5 38.000  1.7   1
      709  12.395362  -86.538688    15.085    -7481.9     5207.5     7933.1      0.1      0.1      0.2 2014  5  8  6 59 40.000  2.3   1
      711  12.343898  -86.586426    14.829   -12675.0     -485.7     7676.9      1.1      0.9      1.2 2014  5  8 16 25  6.000  1.5   1
      725  12.513189  -86.554150     1.839    -9161.5    18242.0    -5311.9      0.1      0.1      0.0 2014  5 10 18 21 44.000  1.9   1
      730  12.449430  -86.483480     2.841    -1477.9    11188.8    -4310.9      0.8      1.4      0.9 2014  5 12  4 58 19.000  2.2   1
      734  12.365519  -86.577873     2.094   -11744.1     1906.2    -5057.3      1.1      1.1      1.1 2014  5 13  6 41 22.000  1.5   1
      736  12.351116  -86.439372     3.516     3319.2      312.9    -3635.6      0.8      0.7      0.4 2014  5 14 11 16 34.000  2.8   1
      741  12.339459  -86.540584     5.432    -7689.1     -976.7    -1719.7      0.4      0.4      0.4 2014  5 15 13 53 17.000  1.3   1
      742  12.414225  -86.529842     3.996    -6519.3     7294.3    -3155.7      1.8      1.9      1.8 2014  5 15 14  7 54.000  1.6   1
      745  12.440782  -86.600570     2.027   -14210.8    10232.0    -5124.3      0.8      0.9      0.8 2014  5 15 23  4 46.000  0.8   1
      747  12.341474  -86.578589     5.724   -11822.1     -753.8    -1427.0      0.2      0.2      0.2 2014  5 16  4 29 29.000  1.0   1
      749  12.417508  -86.483529     4.797    -1483.2     7657.4    -2354.6      0.6      0.8      0.7 2014  5 16 14 44 51.000  2.3   1
      750  12.429804  -86.609342     7.899   -15165.0     9017.7      747.1      0.1      0.1      0.2 2014  5 16 15 10 34.000  1.2   1
      754  12.410494  -86.550317     4.753    -8746.6     6881.5    -2398.6      1.1      1.3      1.1 2014  5 16 18  2 38.000  1.3   1
      755  12.411588  -86.575968     1.130   -11535.9     7002.5    -6021.4      5.3      6.1      0.8 2014  5 16 19  2  2.000  1.2   1
      764  12.378479  -86.588770     4.859   -12928.8     3339.9    -2293.0      0.6      0.6      0.6 2014  5 20  9 23  1.000  1.6   1
      765  12.354794  -86.552393    25.314    -8972.8      719.7    18162.3      0.0      0.0      0.0 2014  5 20 11 20 25.000  1.7   1
      767  12.311272  -86.601261    16.415   -14289.4    -4094.9     9262.7      0.1      0.1      0.2 2014  5 20 19 26 35.000  1.4   1
      769  12.399846  -86.519922     2.991    -5441.3     5703.6    -4160.7      1.2      1.5      1.3 2014  5 20 22 20 27.000  1.2   1
      770  12.355496  -86.499390    16.693    -3208.2      797.4     9540.7      0.3      0.3      0.8 2014  5 20 23  2 34.000  1.9   1
      773  12.360257  -86.530078    16.861    -6545.7     1324.1     9708.7      0.3      0.3      0.5 2014  5 21 19 53 36.000  2.0   1
      777  12.369313  -86.476864     5.700     -758.4     2325.8    -1450.6      1.0      1.0      0.6 2014  5 22  0 27 38.000  3.6   1
      779  12.275890  -86.552743    21.399    -9012.8    -8008.9    14246.7      0.0      0.0      0.1 2014  5 22  0 43 36.000  1.4   1
      786  12.395789  -86.499121     4.500    -3179.4     5254.8    -2651.0      2.1      1.8      1.3 2014  5 22  4 11 10.000  1.8   1
      787  12.406855  -86.564274     3.409   -10264.1     6479.0    -3743.2      0.8      1.0      0.7 2014  5 22 12  8  7.000  1.2   1
      789  12.339470  -86.499390     4.526    -3208.4     -975.5    -2624.7      0.5      0.5      0.5 2014  5 24  0 28 57.000  2.8   1
      791  12.441744  -86.510962     1.390    -4466.2    10338.5    -5761.9      0.7      0.8      0.5 2014  5 25  1 29 31.000  1.8   1
      792  12.408434  -86.515153     2.370    -4922.3     6653.6    -4781.7      0.9      0.6      0.6 2014  5 25  2 32 48.000  1.4   1
      793  12.361392  -86.490771     1.441    -2270.9     1449.6    -5709.5      0.5      0.6      0.4 2014  5 25 16 48 49.000  2.7   1
      796  12.411571  -86.513582     0.682    -4751.4     7000.7    -6469.0      0.9      1.3      0.4 2014  5 25 17 40  6.000  2.7   1
      800  12.398460  -86.531836     0.976    -6737.1     5550.3    -6174.8      0.8      1.0      0.4 2014  5 26  3 50  5.000  1.2   1
      802  12.386132  -86.577189     5.677   -11669.3     4186.4    -1473.6      1.0      1.1      1.0 2014  5 26  4 32 28.000  1.3   1
      804  12.386415  -86.553613     4.891    -9105.5     4217.7    -2261.0      0.7      0.7      0.7 2014  5 26  6 30 16.000  1.4   1
      808  12.399543  -86.549740     3.969    -8683.4     5670.1    -3183.5      0.8      1.0      0.9 2014  5 26  9 17 32.000  1.3   1
      814  12.439434  -86.520508     3.856    -5504.7    10083.0    -3294.6      1.2      0.7      0.7 2014  5 27  0 12 44.000  3.1   1
      819  12.339152  -86.546151    14.691    -8294.5    -1010.6     7539.5      1.0      1.0      1.2 2014  5 28  6 55  5.000  2.2   1
      823  12.443784  -86.499691    11.650    -3240.7    10564.1     4497.8      0.3      0.5      0.5 2014  5 29  5 57 18.000  1.8   1
      831  12.349941  -86.495483    19.769    -2783.5      182.9    12617.2      0.3      0.3      0.3 2014  5 31  1 40 23.000  2.5   1
      850  12.427101  -86.544499     3.904    -8113.6     8718.6    -3246.8      1.2      1.9      0.8 2014  6  2  3 18 57.000  1.3   1
      852  12.360403  -86.506836    18.166    -4018.5     1340.2    11014.2      0.0      0.0      0.0 2014  6  3  4 14 11.000  1.6   1
      857  12.477988  -86.553231     1.691    -9061.8    14347.9    -5459.9      0.6      0.8      0.4 2014  6  4  7  8 12.000  1.3   1
      862  12.376329  -86.586597     5.638   -12692.5     3101.9    -1512.7      1.0      1.0      0.9 2014  6  5  6 31 31.000  1.0   1
      864  12.393846  -86.511556    13.663    -4530.9     5039.8     6511.4      0.3      0.4      0.4 2014  6  5 23 20  2.000  1.6   1
      865  12.383466  -86.512166     4.793    -4597.9     3891.5    -2358.0      0.7      0.7      0.7 2014  6  6  3 28 42.000  2.3   1
      866  12.350021  -86.486930     5.238    -1853.2      191.8    -1914.0      1.1      0.7      0.6 2014  6  8  2 14 29.000  4.0   1
      867  12.369885  -86.487744     5.371    -1941.8     2389.2    -1780.2      0.9      1.1      0.8 2014  6  8  2 17 49.000  3.2   1
      868  12.394291  -86.535840     0.873    -7172.6     5089.1    -6277.8      0.6      0.7      0.3 2014  6  8  2 23 19.000  1.0   1
      870  12.338275  -86.484058    24.605    -1540.5    -1107.6    17452.9      0.3      0.3      0.6 2014  6  8  2 34 13.000  1.7   1
      871  12.326860  -86.554346    22.553    -9186.2    -2370.4    15401.5      0.0      0.0      0.1 2014  6  8  2 40 47.000  2.0   1
      873  12.343541  -86.475252    15.933     -583.6     -525.1     8780.6      0.2      0.2      0.3 2014  6  8  3 21 25.000  2.0   1
      874  12.325207  -86.493994    17.568    -2621.6    -2553.4    10415.9      0.2      0.3      0.4 2014  6  8  3 25 26.000  1.9   1
      878  12.356202  -86.529932     2.827    -6529.9      875.5    -4324.2      0.7      0.7      0.7 2014  6  8  7 23 21.000  1.0   1
      879  12.492434  -86.669946    10.086   -21752.6    15946.0     2934.3      3.4      4.1      6.6 2014  6  8 22 30  1.000  1.5   1
      881  12.356909  -86.509684     5.035    -4328.5      953.7    -2116.1      0.6      0.7      0.6 2014  6  9  2  3 11.000  3.4   1
      882  12.374672  -86.528231    12.407    -6344.6     2918.8     5255.4      0.3      0.3      0.4 2014  6  9  2  9 44.000  2.7   1
      890  12.454181  -86.534351    14.773    -7009.7    11714.3     7620.8      0.6      1.1      0.7 2014  6 10  5 12 44.000  1.3   1
      891  12.449173  -86.541390     3.394    -7775.3    11160.4    -3758.0      0.7      1.0      0.8 2014  6 11  0  5 43.000  1.4   1
      892  12.333130  -86.574333     4.175   -11359.6    -1676.8    -2977.1      0.2      0.2      0.2 2014  6 11 16 32 45.000  1.0   1
      907  12.433661  -86.522070     1.083    -5674.4     9444.3    -6067.6      1.7      2.3      1.3 2014  6 15  2 22 59.000  1.0   1
      909  12.412120  -86.520980     2.707    -5556.3     7061.3    -4445.3      0.8      1.1      0.8 2014  6 15  5 11 55.000  1.0   1
      910  12.420775  -86.652083     1.810   -19812.8     8018.9    -5341.9      0.5      0.6      0.4 2014  6 15 11 52 44.000  1.7   1
      912  12.459968  -86.600317     7.041   -14182.7    12354.5     -110.7      0.1      0.1      0.2 2014  6 15 13  7 58.000  1.5   1
      918  12.340480  -86.489575     5.380    -2141.4     -863.8    -1772.4      0.5      1.4      0.6 2014  6 16 19 52 36.000  1.6   1
      921  12.371951  -86.461792     2.208      880.8     2617.7    -4944.1      0.4      2.6      0.9 2014  6 17  3  3 44.000  1.7   1
      922  12.389758  -86.449992     3.916     2163.5     4587.6    -3235.5      0.8      1.0      0.5 2014  6 17  3 18 30.000  1.5   1
      923  12.390988  -86.540430     3.173    -7671.2     4723.7    -3979.4      1.3      2.0      0.8 2014  6 17  7 42 42.000  1.0   1
      928  12.377639  -86.490527    17.114    -2244.2     3246.9     9961.8      0.2      0.3      0.4 2014  6 19  3 29 34.000  2.9   1
      933  12.344733  -86.497868     5.375    -3043.3     -393.3    -1776.4      0.7      0.6      0.6 2014  6 19 23 27 39.000  1.1   1
      935  12.369213  -86.513216    12.630    -4712.1     2314.8     5477.8      0.5      0.6      1.0 2014  6 20  3 55 56.000  2.4   1
      936  12.350899  -86.487183     4.996    -1880.5      288.8    -2154.8      0.3      0.3      0.3 2014  6 20  9 41 45.000  1.8   1
      940  12.392935  -86.497705     1.860    -3025.3     4939.1    -5291.1      0.9      0.9      0.6 2014  6 21  4 10 29.000  0.8   1
      943  12.362155  -86.502010     4.887    -3493.4     1534.1    -2263.6      1.3      1.6      1.4 2014  6 21  6 58 46.000  1.2   1
      944  12.361044  -86.468490     2.621      152.6     1411.2    -4530.6      1.0      1.3      0.4 2014  6 21 14  0 10.000  2.1   1
      946  12.349424  -86.481714     1.875    -1286.1      125.7    -5276.2      0.7      0.8      0.4 2014  6 22 20 43  1.000  2.2   1
      947  12.394938  -86.480721     1.414    -1178.1     5160.6    -5737.8      0.5      0.7      0.4 2014  6 23  6 24 34.000  1.3   1
      949  12.339844  -86.521004    11.913    -5559.3     -934.2     4761.0      0.1      0.1      0.3 2014  6 24  1 16  3.000  1.4   1
      951  12.384636  -86.518001     2.568    -5232.3     4021.0    -4582.9      0.7      0.9      0.8 2014  6 24  5 12 30.000  1.0   1
      952  12.400768  -86.509904     1.519    -4351.6     5805.5    -5632.6      1.0      0.7      0.5 2014  6 24  5 14 53.000  1.1   1
      956  12.493185  -86.649178     7.614   -19494.5    16029.2      462.3      0.5      1.3      0.8 2014  6 24 22 29 47.000  2.2   1
      958  12.486946  -86.623991     4.204   -16756.2    15338.9    -2948.1      0.2      0.4      0.2 2014  6 24 23 37 35.000  2.3   1
      959  12.482294  -86.641227     5.358   -18630.2    14824.2    -1793.6      0.3      0.6      0.4 2014  6 24 23 43 41.000  1.8   1
      960  12.458486  -86.638835     4.143   -18370.7    12190.5    -3009.0      0.3      0.3      0.3 2014  6 24 23 47 27.000  1.1   1
      962  12.446388  -86.667472     4.894   -21485.7    10852.2    -2257.1      0.5      0.6      0.5 2014  6 25  1  6 50.000  1.4   1
      963  12.490251  -86.630282     3.540   -17439.6    15704.5    -3612.1      0.3      0.5      0.3 2014  6 25  1 34 31.000  2.4   1
      964  12.470438  -86.640625     5.589   -18565.3    13512.7    -1562.0      0.4      0.4      0.4 2014  6 25  1 45  1.000  1.5   1
      965  12.459280  -86.629940     9.524   -17403.6    12278.4     2371.8      1.4      2.0      3.9 2014  6 25  2  9 12.000  0.9   1
      968  12.450611  -86.660441     5.948   -20720.6    11319.5    -1203.4      0.3      0.3      0.3 2014  6 25  6 26  7.000  0.7   1
      969  12.485498  -86.629354     5.185   -17339.3    15178.8    -1966.5      0.2      0.6      0.2 2014  6 25  9 25 58.000  1.7   1
      970  12.461997  -86.638843     2.325   -18371.4    12579.0    -4826.1      0.3      0.5      0.3 2014  6 25 11 12 17.000  1.5   1
      971  12.446442  -86.527035     1.800    -6213.8    10858.2    -5351.1      0.6      0.8      0.4 2014  6 26  6 12 51.000  0.9   1
      975  12.450102  -86.649683     2.227   -19550.8    11263.1    -4924.4      1.0      0.6      0.8 2014  6 26 10  6 35.000  0.9   1
      976  12.387408  -86.468563     4.820      143.9     4327.7    -2331.6      0.8      1.0      0.8 2014  6 26 12  3 31.000  1.0   1
      978  12.489252  -86.624455     3.868   -16806.3    15594.0    -3283.7      0.2      0.5      0.5 2014  6 26 20 51 57.000  1.9   1
      979  12.482762  -86.628223     5.927   -17216.5    14876.0    -1223.5      0.3      0.5      0.3 2014  6 28  5  9 48.000  1.9   1
      980  12.488177  -86.628923     5.866   -17292.0    15475.2    -1285.3      0.3      0.4      0.3 2014  6 28  5 25 42.000  1.8   1
      988  12.377321  -86.476115     1.474     -676.8     3211.8    -5677.0      0.8      1.5      0.4 2014  6 30 21 55 24.000  1.0   1
