       39  12.123252  -86.305868    22.985     5544.1   -12550.1    15293.5   2010.3   3832.4   3157.7 2014  4 11  3 15 38.000  2.8   2
       42  12.235877  -86.356201     5.079       66.3      -91.1    -2612.1   1244.3   1176.7    476.1 2014  4 11  3 31 42.000  3.9   2
       43  12.228585  -86.341073    15.098     1712.7     -897.9     7406.7   1360.5   1216.3    890.1 2014  4 11  3 38  6.000  3.5   2
       48  12.267076  -86.374976     5.796    -1976.1     3360.1    -1894.3   1226.0   1193.6    451.1 2014  4 11  4 35  9.000  3.1   2
       49  12.267214  -86.346077     5.862     1168.3     3375.4    -1828.6   1240.4   1172.5    479.1 2014  4 11  5 20 13.000  2.7   2
       51  12.285277  -86.337410     3.726     2111.2     5373.6    -3965.7   1241.8   1175.8    812.3 2014  4 11  5 29 38.000  2.7   2
       52  12.245329  -86.358529    12.665     -186.7      954.3     4974.0   1255.1   1197.7   1139.6 2014  4 11  5 33 50.000  3.1   2
       53  12.273210  -86.347331     5.883     1031.3     4038.6    -1807.2   1238.5   1177.2    479.8 2014  4 11  5 43 21.000  3.0   2
       69  12.270120  -86.375594    12.274    -2043.4     3696.9     4582.6   1239.3   1224.1   1359.4 2014  4 11  9  1  7.000  2.7   2
       96  12.235338  -86.405485     4.975    -5295.8     -150.7    -2716.3   1225.5   1230.9    506.7 2014  4 11 14 10 36.000  2.6   2
       99  12.235249  -86.359139     9.812     -253.3     -160.7     2120.7   1246.9   1178.8   1088.3 2014  4 11 14 52 41.000  3.3   2
      102  12.239255  -86.397160    12.587    -4390.3      282.5     4895.4   1325.0   1257.7   1051.4 2014  4 11 15 56 52.000  3.3   2
      103  12.266983  -86.385881     2.911    -3162.6     3349.9    -4780.9   1224.5   1210.3    916.8 2014  4 11 16  5 44.000  3.3   2
      110  12.268576  -86.391545     9.707    -3779.3     3526.1     2015.1   1364.6   1474.2   1549.2 2014  4 11 18 22 53.000  2.8   2
      121  12.258505  -86.385571     8.476    -3129.4     2412.1      784.3   1253.8   1263.3   1934.9 2014  4 11 19 99 33.000  3.0   2
      122  12.254539  -86.355054     6.879      190.9     1973.2     -811.5   1244.9   1189.6   2922.4 2014  4 11 20 57 54.000  3.8   2
      123  12.265973  -86.377905     3.348    -2295.3     3238.1    -4343.4   1227.5   1203.2    878.5 2014  4 11 21 38 53.000  3.3   2
      126  12.264706  -86.318424     4.174     4176.4     3098.0    -3517.9   1258.3   1165.0    835.9 2014  4 11 21 51 32.000  3.7   2
      132  12.218840  -86.368848    12.445    -1309.7    -1976.0     4753.2   1329.3   1161.2    857.8 2014  4 12  0  8 11.000  4.1   2
      133  12.260998  -86.406160    11.020    -5369.0     2687.7     3328.4   1411.7   1459.2   1679.5 2014  4 12  0 16 55.000  3.3   2
      134  12.238901  -86.382967     5.932    -2845.8      243.3    -1758.5   1232.5   1197.2    481.2 2014  4 12  0 21 37.000  4.0   2
      137  12.259685  -86.369076    15.711    -1334.4     2542.5     8019.2   1340.0   1218.5    989.1 2014  4 12  2 50 42.000  2.9   2
      138  12.264873  -86.406079    10.017    -5360.4     3116.4     2325.4   1219.0   1229.5   2524.4 2014  4 12  3 13 40.000  2.9   2
      141  12.241194  -86.401815    12.328    -4896.7      497.0     4636.7   1318.5   1281.3   1211.8 2014  4 12  3 40 38.000  3.3   2
      155  12.238203  -86.384090    10.641    -2968.2      166.1     2949.2   1232.7   1193.3   1838.5 2014  4 12 10  2  9.000  3.2   2
      157  12.273899  -86.349064     3.416      842.8     4114.9    -4275.4   1238.9   1182.3    844.6 2014  4 12 10 23 13.000  2.7   2
      158  12.286499  -86.347013    13.939     1066.1     5508.7     6247.8   1804.3   1941.7   1866.0 2014  4 12 10 56  9.000  2.8   2
      178  12.266946  -86.355640     5.038      127.3     3345.8    -2653.2   1236.5   1182.8    478.0 2014  4 13  1 20  6.000  4.3   2
      182  12.255370  -86.398234     2.364    -4507.2     2065.2    -5327.9   1223.0   1208.7    900.0 2014  4 13  2  5 34.000  3.2   2
      183  12.244464  -86.386092     5.850    -3186.1      858.7    -1840.4   1227.8   1197.6    473.4 2014  4 13  2  7 37.000  3.4   2
      228  12.259011  -86.356917     7.640      -11.5     2467.9      -51.9   1239.2   1182.8   1410.3 2014  4 13 17 41 35.000  3.1   2
      238  12.256593  -86.393188     5.858    -3958.0     2200.5    -1832.3   1219.9   1208.2    468.8 2014  4 14  0 27 46.000  2.6   2
      245  12.277045  -86.354232     5.863      280.3     4462.9    -1828.0   1232.1   1185.6    471.4 2014  4 14  4 12 24.000  4.4   2
      248  12.243415  -86.349194     5.049      829.2      742.7    -2642.8   1244.7   1171.6    472.5 2014  4 14  5  7  3.000  5.6   2
      249  12.235857  -86.366699     4.064    -1075.8      -93.4    -3627.5   1241.6   1185.0    787.5 2014  4 14  5 11  6.000  3.1   2
      250  12.267363  -86.344076     5.919     1385.5     3391.9    -1771.0   1240.4   1175.9    469.0 2014  4 14  5 17  7.000  2.9   2
      251  12.248745  -86.365690     9.156     -966.4     1332.2     1464.5   1239.6   1186.0   1349.3 2014  4 14  5 25 27.000  3.1   2
      252  12.256043  -86.356641     5.035       18.8     2139.7    -2656.3   1238.6   1178.9    474.3 2014  4 14  5 39 43.000  3.0   2
      253  12.257980  -86.364640     2.461     -851.4     2353.9    -5229.0   1234.9   1187.8   1678.8 2014  4 14  5 43 53.000  4.6   2
      254  12.256352  -86.365617     5.877     -958.5     2173.8    -1813.6   1233.4   1184.4    490.4 2014  4 14  5 49 29.000  3.5   2
      255  12.244920  -86.352327    12.556      488.2      909.2     4864.9   1355.3   1216.2   1088.7 2014  4 14  5 54 58.000  2.5   2
      256  12.262715  -86.339396     5.862     1894.9     2877.6    -1828.1   1246.2   1175.4    481.3 2014  4 14  5 59 25.000  3.5   2
      257  12.213723  -86.381120    11.878    -2645.4    -2541.9     4186.4   1322.3   1183.7   1030.8 2014  4 14  6  5 24.000  3.5   2
      258  12.225316  -86.367261     8.147    -1137.1    -1259.5      455.5   1244.3   1179.5   1649.9 2014  4 14  6 12 31.000  4.0   2
      259  12.256252  -86.346785    11.215     1090.6     2162.7     3523.2   1243.5   1176.9   1865.5 2014  4 14  6 20 56.000  3.5   2
      261  12.222324  -86.375618    16.237    -2046.4    -1590.5     8545.7   1336.6   1225.9    797.2 2014  4 14  6 31  1.000  2.9   2
      262  12.195113  -86.385278    14.793    -3097.8    -4600.7     7101.3   1363.3   1239.3   1089.4 2014  4 14  6 34 11.000  3.0   2
      263  12.243326  -86.358643     5.025     -199.6      732.8    -2666.6   1241.1   1178.3    475.5 2014  4 14  6 39  2.000  2.8   2
      265  12.243913  -86.349325     5.017      814.5      797.7    -2674.7   1245.5   1170.9    472.5 2014  4 14  6 52 26.000  3.2   2
      267  12.247406  -86.356323     6.478       53.2     1184.2    -1213.2   1241.4   1177.7   1499.0 2014  4 14  7 10  5.000  3.1   2
      270  12.235929  -86.356657     5.054       16.7      -85.4    -2637.9   1243.9   1175.5    475.1 2014  4 14  7 27 46.000  2.7   2
      271  12.255565  -86.347070     5.908     1059.7     2086.8    -1782.6   1243.4   1174.0    486.1 2014  4 14  7 36 13.000  3.1   2
      273  12.188912  -86.366032    14.971    -1003.3    -5286.6     7279.8   1486.3   2749.9   3392.6 2014  4 14  7 51 33.000  2.5   2
      279  12.237243  -86.347868     9.757      972.7       59.9     2065.8   1250.0   1168.2   1344.5 2014  4 14  8 49 18.000  2.7   2
      282  12.252285  -86.348950     5.853      855.0     1723.9    -1837.3   1243.0   1174.5    473.4 2014  4 14  9  5 18.000  3.3   2
      284  12.257417  -86.355518     5.985      141.1     2291.6    -1706.7   1238.6   1181.2   1673.1 2014  4 14  9 23 45.000  3.0   2
      287  12.230386  -86.375366     3.991    -2019.1     -698.6    -3700.9   1240.1   1186.1   1916.3 2014  4 14 10 29 51.000  3.7   2
      291  12.266064  -86.377254     3.637    -2224.1     3248.2    -4053.0   1227.3   1194.8   1724.5 2014  4 14 11 32  4.000  3.0   2
      292  12.227138  -86.409489    16.483    -5731.7    -1057.9     8791.7   1336.5   1252.3    964.3 2014  4 14 11 36 40.000  3.3   2
      293  12.256134  -86.376172     5.808    -2106.1     2149.7    -1882.2   1229.3   1194.8    472.6 2014  4 14 11 54 22.000  3.0   2
      294  12.255171  -86.368034     2.778    -1221.2     2043.2    -4912.5   1243.5   1201.2   1787.1 2014  4 14 12 36 25.000  3.8   2
      295  12.244777  -86.357056     5.901      -26.2      893.3    -1789.1   1241.6   1178.1    472.7 2014  4 14 12 44 18.000  2.7   2
      300  12.236198  -86.366935     4.949    -1101.9      -55.7    -2742.5   1240.1   1183.1    474.6 2014  4 14 13 50 15.000  3.2   2
      304  12.245416  -86.357381     5.522      -61.6      964.0    -2169.9   1241.1   1179.6   1852.0 2014  4 14 15 54 21.000  3.6   2
      305  12.225956  -86.367188    10.449    -1128.6    -1188.6     2757.2   1246.6   1180.7   1302.7 2014  4 14 16 21 47.000  2.7   2
      306  12.252777  -86.388322     5.028    -3428.4     1778.3    -2664.0   1227.7   1204.0    475.4 2014  4 14 17  0 57.000  2.9   2
      310  12.248299  -86.374251     9.237    -1897.9     1283.0     1545.7   1232.5   1189.0   1944.9 2014  4 14 18 14 22.000  3.7   2
      315  12.175922  -86.381689    16.730    -2707.5    -6723.7     9038.2   1768.8   3247.0   4231.8 2014  4 14 19 50  6.000  3.3   2
      317  12.264972  -86.376156     5.840    -2105.0     3127.4    -1850.2   1225.7   1193.7    474.2 2014  4 14 20 51 29.000  3.3   2
      320  12.264572  -86.367448     5.003    -1156.9     3083.1    -2689.0   1231.0   1188.8    470.4 2014  4 14 21 40 33.000  3.4   2
      323  12.211192  -86.383504    13.925    -2904.7    -2822.0     6233.5   1331.6   1180.6    909.5 2014  4 14 22 19 29.000  2.9   2
      325  12.164162  -86.452002    17.769   -10358.4    -8024.5    10078.0   2258.0   2515.8   1436.7 2014  4 14 23 59 20.000  3.1   2
      326  12.266159  -86.387394     0.480    -3327.2     3258.7    -7210.2   1224.5   1204.8   1686.9 2014  4 15  0  4 31.000  3.1   2
      330  12.236600  -86.390259    12.314    -3639.7      -11.3     4622.4   1307.4   1180.8    872.5 2014  4 15  0 53 43.000  2.5   2
      341  12.254753  -86.390503    14.045    -3665.6     1996.9     6353.5   1340.3   1244.6   1112.6 2014  4 15  4  0 46.000  2.7   2
      342  12.216326  -86.326343     5.922     3315.2    -2254.0    -1768.4   1264.9   1162.7    482.9 2014  4 15  4 15 46.000  2.6   2
      343  12.205304  -86.327515     5.941     3188.0    -3473.3    -1749.2   1266.6   1156.1    479.5 2014  4 15  4 28  7.000  4.2   2
      348  12.204934  -86.318188     5.958     4202.5    -3514.3    -1732.9   1274.0   1152.8    490.5 2014  4 15  7  4  5.000  3.5   2
      349  12.216128  -86.316073     6.043     4432.7    -2276.0    -1647.2   1270.4   1150.8    489.2 2014  4 15  7  9 54.000  3.3   2
      360  12.244590  -86.368400     3.700    -1261.1      872.6    -3991.2   1238.7   1184.2    791.1 2014  4 15 12  2  0.000  2.7   2
      362  12.255738  -86.355827     5.872      106.8     2106.0    -1818.8   1238.3   1181.2    491.2 2014  4 15 12 48 12.000  3.3   2
      398  12.205919  -86.347290     5.853     1036.5    -3405.3    -1837.9   1260.3   1168.9    461.5 2014  4 16 22 44 53.000  2.8   2
      408  12.233337  -86.366154    14.654    -1016.5     -372.1     6962.7   1342.9   1212.8    972.5 2014  4 17  4 34 41.000  2.5   2
      415  12.187591  -86.336589     5.930     2200.9    -5432.8    -1760.9   1295.7   1184.6    508.3 2014  4 17  9  7 38.000  2.5   2
      419  12.190578  -86.332487     5.991     2646.9    -5102.3    -1699.5   1325.3   1218.7    502.8 2014  4 17 10 36 59.000  2.5   2
      429  12.205626  -86.347746     4.643      986.1    -3437.6    -3048.5   1260.0   1165.2    805.5 2014  4 17 22 32 17.000  3.7   2
      430  12.176419  -86.356136    14.980       73.4    -6668.7     7288.4   1693.3   1737.1    918.4 2014  4 17 22 35 49.000  2.8   2
      433  12.204261  -86.347673     5.131      994.4    -3588.6    -2560.6   1260.5   1164.7    737.6 2014  4 17 23 42 21.000  2.5   2
      449  12.246947  -86.369279    15.092    -1356.4     1133.5     7400.2   1343.3   1211.3    999.2 2014  4 18 14  9 20.000  2.6   2
      658  12.244846  -86.376180     5.038    -2107.5      900.9    -2653.8   1232.6   1190.2    469.9 2014  5  2  2 48 41.000  3.6   2
      738  12.245414  -86.367407     3.475    -1152.8      963.8    -4216.4   1237.7   1183.0    878.4 2014  5 15  1 49 57.000  2.5   2
      837  12.257019  -86.386938     3.748    -3278.0     2247.6    -3943.3   1225.3   1198.0    767.4 2014  6  1 11 38 16.000  3.6   2
      974  12.234266  -86.367358     5.046    -1147.4     -269.4    -2645.8   1245.0   1196.4    490.5 2014  6 26  7  0 32.000  2.5   2
