       42  12.255550  -86.391829     4.943    -3809.8     2085.1    -2748.0      1.4      1.0      0.4 2014  4 11  3 31 42.000  3.9   2
       48  12.290920  -86.408765     5.514    -5652.2     5997.9    -2176.4      1.3      1.0      0.4 2014  4 11  4 35  9.000  3.1   2
       49  12.291174  -86.378654     5.512    -2376.5     6026.0    -2179.0      1.3      1.0      0.4 2014  4 11  5 20 13.000  2.7   2
       51  12.309888  -86.372111     3.187    -1664.4     8096.1    -4504.5      1.3      1.0      0.5 2014  4 11  5 29 38.000  2.7   2
       52  12.269819  -86.396346    12.549    -4301.6     3663.6     4857.8      1.5      1.3      1.1 2014  4 11  5 33 50.000  3.1   2
       53  12.296175  -86.380192     5.695    -2543.9     6579.2    -1995.1      1.3      0.9      0.4 2014  4 11  5 43 21.000  3.0   2
       69  12.284166  -86.414836    13.936    -6312.9     5250.8     6244.5      1.9      1.6      2.5 2014  4 11  9  1  7.000  2.7   2
       96  12.263378  -86.438208     4.729    -8855.8     2951.0    -2963.0      1.4      1.1      0.5 2014  4 11 14 10 36.000  2.6   2
       99  12.256834  -86.394206    11.927    -4068.2     2227.1     4235.5      1.9      2.1      2.0 2014  4 11 14 52 41.000  3.3   2
      102  12.254298  -86.434237    14.250    -8424.3     1946.6     6558.9      2.0      1.6      2.5 2014  4 11 15 56 52.000  3.3   2
      123  12.284094  -86.413949     1.797    -6216.3     5242.7    -5894.3      1.7      3.8      1.9 2014  4 11 21 38 53.000  3.3   2
      126  12.286375  -86.355420     3.099      151.0     5495.1    -4592.1      1.4      1.1      1.1 2014  4 11 21 51 32.000  3.7   2
      132  12.198501  -86.436694    14.015    -8692.8    -4226.0     6323.2      2.4      2.5      2.2 2014  4 12  0  8 11.000  4.1   2
      133  12.296281  -86.431681    12.806    -8145.1     6590.8     5114.9      2.2      2.2      4.3 2014  4 12  0 16 55.000  3.3   2
      134  12.262707  -86.417269     5.643    -6578.3     2876.8    -2047.5      1.4      1.0      0.4 2014  4 12  0 21 37.000  4.0   2
      137  12.279140  -86.409163    16.091    -5696.2     4694.7     8399.9      1.9      1.5      2.5 2014  4 12  2 50 42.000  2.9   2
      141  12.255154  -86.439242    14.020    -8968.8     2041.3     6328.8      1.9      1.7      2.5 2014  4 12  3 40 38.000  3.3   2
      155  12.264256  -86.416618     9.244    -6506.7     3048.1     1553.0      1.4      1.1      3.7 2014  4 12 10  2  9.000  3.2   2
      157  12.296377  -86.384798     2.079    -3044.6     6601.4    -5612.6      1.3      1.0      1.0 2014  4 12 10 23 13.000  2.7   2
      178  12.289158  -86.391243     4.806    -3745.7     5802.9    -2885.3      1.3      1.0      0.4 2014  4 13  1 20  6.000  4.3   2
      183  12.268718  -86.419336     5.586    -6803.1     3541.9    -2104.5      1.3      1.0      0.4 2014  4 13  2  7 37.000  3.4   2
      228  12.264684  -86.404110    12.272    -5146.3     3095.6     4580.6      1.8      1.9      2.0 2014  4 13 17 41 35.000  3.1   2
      238  12.280885  -86.426343     5.595    -7564.9     4887.8    -2095.8      1.3      1.0      0.5 2014  4 14  0 27 46.000  2.6   2
      245  12.305215  -86.385596     5.593    -3131.1     7579.3    -2097.1      1.3      1.0      0.4 2014  4 14  4 12 24.000  4.4   2
      248  12.266007  -86.383936     4.840    -2950.8     3242.0    -2851.7      1.3      1.0      0.4 2014  4 14  5  7  3.000  5.6   2
      249  12.261418  -86.401001     2.383    -4807.9     2734.2    -5308.6      1.4      1.0      0.9 2014  4 14  5 11  6.000  3.1   2
      250  12.289311  -86.378906     5.629    -2403.4     5819.8    -2061.8      1.3      1.0      0.4 2014  4 14  5 17  7.000  2.9   2
      251  12.270499  -86.402108     8.933    -4927.9     3738.8     1241.4      1.3      1.0      2.2 2014  4 14  5 25 27.000  3.1   2
      252  12.278362  -86.391130     4.812    -3733.7     4608.6    -2879.2      1.3      1.0      0.4 2014  4 14  5 39 43.000  3.0   2
      253  12.292883  -86.391846     0.596    -3812.0     6215.0    -7094.4      2.1      3.0      0.6 2014  4 14  5 43 53.000  4.6   2
      254  12.280004  -86.399064     5.546    -4597.1     4790.3    -2144.5      1.3      1.0      0.4 2014  4 14  5 49 29.000  3.5   2
      255  12.288403  -86.369735    14.021    -1405.9     5719.4     6329.9      2.1      2.7      4.8 2014  4 14  5 54 58.000  2.5   2
      256  12.284031  -86.375903     5.616    -2077.0     5235.8    -2074.9      1.3      1.0      0.4 2014  4 14  5 59 25.000  3.5   2
      257  12.236197  -86.416064    12.856    -6446.8      -55.9     5164.3      1.6      1.3      1.1 2014  4 14  6  5 24.000  3.5   2
      258  12.246648  -86.402759     8.487    -4998.9     1100.3      795.7      1.4      1.0      2.3 2014  4 14  6 12 31.000  4.0   2
      259  12.258338  -86.396476    11.920    -4315.6     2393.5     4228.6      1.8      2.1      5.7 2014  4 14  6 20 56.000  3.5   2
      261  12.240394  -86.416675    16.631    -6513.8      408.4     8939.1      1.6      1.5      1.0 2014  4 14  6 31  1.000  2.9   2
      262  12.211958  -86.429736    16.702    -7935.1    -2737.2     9010.4      1.6      1.6      1.0 2014  4 14  6 34 11.000  3.0   2
      263  12.265622  -86.393384     4.823    -3979.5     3199.2    -2868.1      1.3      1.0      0.4 2014  4 14  6 39  2.000  2.8   2
      265  12.265918  -86.386092     4.719    -3185.8     3232.0    -2972.5      1.3      1.0      0.4 2014  4 14  6 52 26.000  3.2   2
      267  12.271174  -86.391268     5.467    -3748.7     3813.5    -2224.9      1.3      1.0      0.4 2014  4 14  7 10  5.000  3.1   2
      270  12.258498  -86.391455     4.752    -3769.0     2411.3    -2939.4      1.3      1.0      0.4 2014  4 14  7 27 46.000  2.7   2
      271  12.276745  -86.384009     5.544    -2959.1     4429.7    -2146.7      1.3      1.0      0.4 2014  4 14  7 36 13.000  3.1   2
      282  12.276811  -86.383171     5.499    -2867.9     4437.1    -2191.1      1.3      1.0      0.4 2014  4 14  9  5 18.000  3.3   2
      284  12.278374  -86.391105     5.763    -3730.8     4610.0    -1928.4      1.3      1.0      0.4 2014  4 14  9 23 45.000  3.0   2
      291  12.288828  -86.410612     3.472    -5853.6     5766.4    -4218.2      1.4      1.0      0.5 2014  4 14 11 32  4.000  3.0   2
      292  12.245454  -86.449292    17.302   -10062.7      968.3     9610.8      1.6      1.4      1.1 2014  4 14 11 36 40.000  3.3   2
      293  12.280889  -86.409928     5.525    -5779.1     4888.2    -2165.2      1.3      1.0      0.4 2014  4 14 11 54 22.000  3.0   2
      294  12.286151  -86.413753     0.603    -6195.1     5470.3    -7087.9      3.1      4.0      0.7 2014  4 14 12 36 25.000  3.8   2
      295  12.263694  -86.393530     5.655    -3995.0     2986.0    -2035.7      1.3      1.0      0.4 2014  4 14 12 44 18.000  2.7   2
      300  12.261572  -86.400155     4.709    -4715.5     2751.3    -2982.5      1.3      1.0      0.4 2014  4 14 13 50 15.000  3.2   2
      304  12.267390  -86.395825     5.362    -4244.7     3394.8    -2329.7      1.3      1.0      0.4 2014  4 14 15 54 21.000  3.6   2
      305  12.263644  -86.393083     8.873    -3946.2     2980.5     1181.3      1.6      1.6      2.6 2014  4 14 16 21 47.000  2.7   2
      306  12.276019  -86.422835     4.806    -7183.1     4349.4    -2885.2      1.3      1.0      0.5 2014  4 14 17  0 57.000  2.9   2
      310  12.273979  -86.407520     8.796    -5516.9     4123.7     1104.8      1.3      1.0      2.3 2014  4 14 18 14 22.000  3.7   2
      317  12.288753  -86.410571     5.514    -5848.8     5758.2    -2176.9      1.3      1.0      0.4 2014  4 14 20 51 29.000  3.3   2
      320  12.283938  -86.405363     4.711    -5282.0     5225.5    -2980.3      1.4      1.2      0.4 2014  4 14 21 40 33.000  3.4   2
      323  12.229771  -86.423136    15.128    -7216.8     -766.7     7436.2      2.0      1.8      2.5 2014  4 14 22 19 29.000  2.9   2
      330  12.259324  -86.424919    12.428    -7410.6     2502.6     4736.7      1.8      1.4      2.3 2014  4 15  0 53 43.000  2.5   2
      341  12.273141  -86.428353    15.267    -7783.5     4031.2     7575.9      1.8      1.4      2.2 2014  4 15  4  0 46.000  2.7   2
      342  12.238597  -86.360661     5.688     -419.1      209.6    -2002.3      1.4      1.0      0.5 2014  4 15  4 15 46.000  2.6   2
      343  12.225995  -86.362036     5.678     -568.9    -1184.4    -2012.2      1.4      1.1      0.6 2014  4 15  4 28  7.000  4.2   2
      348  12.206629  -86.366447     5.835    -1048.5    -3326.7    -1855.3      1.7      1.8      0.6 2014  4 15  7  4  5.000  3.5   2
      360  12.267447  -86.403597     1.180    -5090.3     3401.2    -6511.9      1.4      1.3      1.6 2014  4 15 12  2  0.000  2.7   2
      362  12.280236  -86.389689     5.566    -3577.2     4816.0    -2124.9      1.3      1.0      0.4 2014  4 15 12 48 12.000  3.3   2
      398  12.204844  -86.400236     5.740    -4725.3    -3524.2    -1950.2      0.8      1.8      0.9 2014  4 16 22 44 53.000  2.8   2
      408  12.253156  -86.403687    14.865    -5100.1     1820.2     7173.1      1.6      1.3      1.1 2014  4 17  4 34 41.000  2.5   2
      429  12.204959  -86.399788     2.488    -4676.3    -3511.4    -5203.5      0.8      1.8      1.1 2014  4 17 22 32 17.000  3.7   2
      433  12.205202  -86.397567     3.763    -4434.3    -3484.5    -3928.7      0.7      1.7      1.2 2014  4 17 23 42 21.000  2.5   2
      449  12.264133  -86.408976    15.995    -5676.0     3034.5     8303.4      1.9      2.0      2.4 2014  4 18 14  9 20.000  2.6   2
      658  12.266745  -86.410881     4.845    -5882.5     3323.5    -2846.6      1.3      1.0      0.4 2014  5  2  2 48 41.000  3.6   2
      738  12.269000  -86.400008     2.770    -4699.4     3573.0    -4921.9      1.3      1.0      0.9 2014  5 15  1 49 57.000  2.5   2
      837  12.281116  -86.422233     3.455    -7117.9     4913.3    -4236.2      1.3      1.0      0.4 2014  6  1 11 38 16.000  3.6   2
      974  12.254186  -86.403923     4.884    -5125.4     1934.2    -2808.0      1.4      1.0      0.5 2014  6 26  7  0 32.000  2.5   2
