       42  12.255655  -86.391764     4.942    -3802.6     2096.7    -2749.6      0.2      0.2      0.1 2014  4 11  3 31 42.000  3.9   2
       48  12.291005  -86.408700     5.514    -5645.5     6007.3    -2176.7      0.2      0.2      0.1 2014  4 11  4 35  9.000  3.1   2
       49  12.291262  -86.378589     5.511    -2369.6     6035.7    -2179.9      0.2      0.2      0.1 2014  4 11  5 20 13.000  2.7   2
       51  12.309989  -86.372054     3.186    -1658.1     8107.4    -4505.7      0.2      0.2      0.1 2014  4 11  5 29 38.000  2.7   2
       52  12.269904  -86.396281    12.554    -4294.4     3672.9     4862.3      0.2      0.3      0.2 2014  4 11  5 33 50.000  3.1   2
       53  12.296276  -86.380143     5.694    -2538.4     6590.3    -1996.2      0.2      0.2      0.1 2014  4 11  5 43 21.000  3.0   2
       69  12.284087  -86.414762    13.934    -6304.9     5242.0     6242.1      0.3      0.2      0.4 2014  4 11  9  1  7.000  2.7   2
       96  12.263483  -86.438135     4.727    -8847.9     2962.6    -2964.8      0.2      0.3      0.1 2014  4 11 14 10 36.000  2.6   2
       99  12.257178  -86.393953    11.932    -4040.8     2265.1     4240.0      0.3      0.4      0.3 2014  4 11 14 52 41.000  3.3   2
      102  12.254283  -86.434172    14.255    -8417.3     1944.9     6563.1      0.3      0.2      0.4 2014  4 11 15 56 52.000  3.3   2
      123  12.283928  -86.413818     1.805    -6201.8     5224.4    -5887.0      0.3      0.6      0.3 2014  4 11 21 38 53.000  3.3   2
      126  12.286484  -86.355371     3.097      157.0     5507.1    -4594.9      0.2      0.2      0.2 2014  4 11 21 51 32.000  3.7   2
      132  12.198485  -86.436613    14.081    -8683.6    -4227.6     6389.8      0.5      0.5      1.2 2014  4 12  0  8 11.000  4.1   2
      133  12.296223  -86.431632    12.822    -8139.8     6584.4     5130.4      0.4      0.4      0.7 2014  4 12  0 16 55.000  3.3   2
      134  12.262815  -86.417212     5.641    -6571.7     2888.8    -2049.2      0.2      0.2      0.1 2014  4 12  0 21 37.000  4.0   2
      137  12.279150  -86.409115    16.090    -5690.5     4695.8     8398.6      0.3      0.2      0.3 2014  4 12  2 50 42.000  2.9   2
      141  12.255059  -86.439168    14.020    -8960.5     2030.8     6328.2      0.3      0.2      0.4 2014  4 12  3 40 38.000  3.3   2
      155  12.264351  -86.416553     9.256    -6499.7     3058.7     1564.0      0.2      0.3      0.6 2014  4 12 10  2  9.000  3.2   2
      157  12.296481  -86.384749     2.074    -3039.2     6613.0    -5617.9      0.2      0.2      0.2 2014  4 12 10 23 13.000  2.7   2
      178  12.289267  -86.391203     4.806    -3742.0     5814.9    -2886.0      0.2      0.2      0.1 2014  4 13  1 20  6.000  4.3   2
      183  12.268827  -86.419279     5.584    -6796.5     3553.9    -2106.4      0.2      0.2      0.1 2014  4 13  2  7 37.000  3.4   2
      228  12.265028  -86.403874    12.278    -5120.0     3133.5     4586.3      0.3      0.4      0.3 2014  4 13 17 41 35.000  3.1   2
      238  12.281001  -86.426286     5.592    -7558.6     4900.5    -2098.1      0.2      0.3      0.1 2014  4 14  0 27 46.000  2.6   2
      245  12.305333  -86.385539     5.591    -3125.4     7592.3    -2099.1      0.2      0.3      0.2 2014  4 14  4 12 24.000  4.4   2
      248  12.266119  -86.383870     4.838    -2943.9     3254.3    -2853.8      0.2      0.2      0.1 2014  4 14  5  7  3.000  5.6   2
      249  12.261513  -86.400936     2.385    -4801.0     2744.7    -5306.3      0.2      0.2      0.2 2014  4 14  5 11  6.000  3.1   2
      250  12.289421  -86.378841     5.627    -2397.1     5832.0    -2063.5      0.2      0.2      0.1 2014  4 14  5 17  7.000  2.9   2
      251  12.270595  -86.402043     8.945    -4920.8     3749.4     1253.5      0.2      0.2      0.4 2014  4 14  5 25 27.000  3.1   2
      252  12.278481  -86.391073     4.810    -3727.4     4621.8    -2881.5      0.2      0.2      0.1 2014  4 14  5 39 43.000  3.0   2
      253  12.293063  -86.391756     0.595    -3802.1     6234.9    -7095.0      0.4      0.5      0.1 2014  4 14  5 43 53.000  4.6   2
      254  12.280097  -86.398999     5.545    -4590.1     4800.6    -2145.7      0.2      0.2      0.1 2014  4 14  5 49 29.000  3.5   2
      255  12.288518  -86.369784    14.108    -1411.2     5732.2     6416.6      0.3      0.4      0.8 2014  4 14  5 54 58.000  2.5   2
      256  12.284142  -86.375846     5.614    -2070.8     5248.0    -2076.5      0.2      0.2      0.1 2014  4 14  5 59 25.000  3.5   2
      257  12.236223  -86.415959    12.852    -6435.4      -52.9     5160.9      0.2      0.3      0.2 2014  4 14  6  5 24.000  3.5   2
      258  12.246758  -86.402686     8.476    -4991.5     1112.5      784.8      0.2      0.2      0.4 2014  4 14  6 12 31.000  4.0   2
      261  12.240396  -86.416593    16.631    -6504.8      408.7     8939.2      0.2      0.3      0.2 2014  4 14  6 31  1.000  2.9   2
      262  12.211979  -86.429639    16.701    -7924.4    -2734.9     9009.3      0.2      0.3      0.2 2014  4 14  6 34 11.000  3.0   2
      263  12.265745  -86.393327     4.820    -3973.0     3212.9    -2871.1      0.2      0.2      0.1 2014  4 14  6 39  2.000  2.8   2
      265  12.266033  -86.386027     4.717    -3178.8     3244.7    -2974.8      0.2      0.2      0.1 2014  4 14  6 52 26.000  3.2   2
      267  12.271293  -86.391203     5.464    -3741.8     3826.7    -2227.3      0.2      0.2      0.1 2014  4 14  7 10  5.000  3.1   2
      270  12.258604  -86.391382     4.750    -3761.3     2422.9    -2941.3      0.2      0.2      0.1 2014  4 14  7 27 46.000  2.7   2
      271  12.276855  -86.383952     5.542    -2952.9     4442.0    -2148.6      0.2      0.2      0.1 2014  4 14  7 36 13.000  3.1   2
      282  12.276908  -86.383105     5.498    -2860.9     4447.8    -2192.2      0.2      0.2      0.1 2014  4 14  9  5 18.000  3.3   2
      284  12.278481  -86.391040     5.761    -3724.3     4621.8    -1930.1      0.2      0.2      0.1 2014  4 14  9 23 45.000  3.0   2
      291  12.288926  -86.410612     3.473    -5853.1     5777.3    -4217.5      0.1      0.2      0.1 2014  4 14 11 32  4.000  3.0   2
      292  12.245465  -86.449202    17.301   -10052.3      969.5     9609.8      0.2      0.3      0.2 2014  4 14 11 36 40.000  3.3   2
      293  12.280995  -86.409847     5.522    -5770.1     4899.9    -2168.0      0.2      0.3      0.1 2014  4 14 11 54 22.000  3.0   2
      294  12.286229  -86.413713     0.602    -6190.5     5479.0    -7088.2      0.4      0.6      0.1 2014  4 14 12 36 25.000  3.8   2
      295  12.263788  -86.393457     5.653    -3987.3     2996.4    -2037.1      0.2      0.2      0.1 2014  4 14 12 44 18.000  2.7   2
      300  12.261666  -86.400090     4.708    -4708.3     2761.7    -2983.5      0.2      0.2      0.1 2014  4 14 13 50 15.000  3.2   2
      304  12.267494  -86.395768     5.360    -4238.1     3406.3    -2331.4      0.2      0.2      0.1 2014  4 14 15 54 21.000  3.6   2
      305  12.263689  -86.393050     8.875    -3943.2     2985.5     1183.1      0.3      0.3      0.4 2014  4 14 16 21 47.000  2.7   2
      306  12.276126  -86.422778     4.805    -7177.5     4361.3    -2886.6      0.2      0.3      0.1 2014  4 14 17  0 57.000  2.9   2
      310  12.274087  -86.407454     8.793    -5510.1     4135.6     1101.2      0.2      0.2      0.5 2014  4 14 18 14 22.000  3.7   2
      317  12.288861  -86.410514     5.512    -5842.4     5770.0    -2178.7      0.2      0.2      0.1 2014  4 14 20 51 29.000  3.3   2
      320  12.284083  -86.405273     4.709    -5272.7     5241.5    -2982.3      0.2      0.3      0.1 2014  4 14 21 40 33.000  3.4   2
      323  12.229742  -86.423071    15.133    -7209.3     -769.8     7441.2      0.3      0.2      0.4 2014  4 14 22 19 29.000  2.9   2
      330  12.259507  -86.424683    12.391    -7384.3     2522.8     4699.0      0.3      0.3      0.4 2014  4 15  0 53 43.000  2.5   2
      341  12.273331  -86.428092    15.231    -7755.6     4052.1     7539.4      0.3      0.3      0.4 2014  4 15  4  0 46.000  2.7   2
      342  12.238706  -86.360604     5.686     -412.2      221.8    -2004.5      0.2      0.2      0.1 2014  4 15  4 15 46.000  2.6   2
      343  12.226110  -86.361971     5.676     -561.4    -1171.7    -2014.9      0.2      0.3      0.1 2014  4 15  4 28  7.000  4.2   2
      348  12.206943  -86.366252     5.832    -1027.1    -3292.0    -1858.9      0.4      0.5      0.1 2014  4 15  7  4  5.000  3.5   2
      360  12.267539  -86.403548     1.174    -5085.2     3411.4    -6518.0      0.2      0.3      0.3 2014  4 15 12  2  0.000  2.7   2
      362  12.280335  -86.389640     5.565    -3571.4     4826.9    -2125.9      0.2      0.2      0.1 2014  4 15 12 48 12.000  3.3   2
      398  12.205150  -86.400244     5.745    -4725.8    -3490.3    -1945.6      0.1      0.5      0.2 2014  4 16 22 44 53.000  2.8   2
      408  12.253217  -86.403581    14.854    -5088.7     1826.9     7162.2      0.2      0.3      0.2 2014  4 17  4 34 41.000  2.5   2
      429  12.205265  -86.399788     2.492    -4676.8    -3477.6    -5199.7      0.1      0.5      0.2 2014  4 17 22 32 17.000  3.7   2
      433  12.205477  -86.397559     3.771    -4433.7    -3454.2    -3920.1      0.1      0.4      0.3 2014  4 17 23 42 21.000  2.5   2
      449  12.264134  -86.408919    15.994    -5669.8     3034.6     8302.3      0.3      0.2      0.3 2014  4 18 14  9 20.000  2.6   2
      658  12.266848  -86.410824     4.844    -5876.9     3334.8    -2847.7      0.2      0.2      0.1 2014  5  2  2 48 41.000  3.6   2
      738  12.269117  -86.399943     2.766    -4692.7     3586.0    -4925.8      0.2      0.2      0.2 2014  5 15  1 49 57.000  2.5   2
      837  12.281215  -86.422176     3.454    -7111.3     4924.3    -4237.6      0.2      0.2      0.1 2014  6  1 11 38 16.000  3.6   2
      974  12.254293  -86.403866     4.882    -5119.4     1946.0    -2809.3      0.2      0.2      0.1 2014  6 26  7  0 32.000  2.5   2
