        1  12.381216  -86.459839     2.381     1093.0     3642.7    -4770.6      0.0      0.0      0.0 2014  4 10 18 43 54.000  4.0   1
        5  12.417370  -86.526245     3.672    -6128.1     7642.2    -3480.2      0.0      0.0      0.0 2014  4 10 23 35  2.000  4.4   1
        6  12.346033  -86.552702     3.048    -9006.9     -249.5    -4102.6      0.0      0.0      0.0 2014  4 10 23 37 25.000  3.8   1
       15  12.387205  -86.470703     5.503      -88.1     4305.2    -1647.6      0.0      0.0      0.0 2014  4 11  0 39 46.000  3.9   1
       17  12.404612  -86.460726     5.411      996.6     6230.8    -1740.1      0.0      0.0      0.0 2014  4 11  0 44 26.000  4.0   1
       19  12.398988  -86.607666     0.675   -14983.6     5608.7    -6476.3      0.0      0.0      0.0 2014  4 11  0 54 59.000  2.7   1
       25  12.449589  -86.550228     3.998    -8735.6    11206.3    -3153.2      0.0      0.0      0.0 2014  4 11  1 38  1.000  3.9   1
       26  12.368153  -86.482332     5.760    -1353.0     2197.5    -1391.3      0.0      0.0      0.0 2014  4 11  1 46 17.000  3.2   1
       30  12.436286  -86.477002     1.884     -773.8     9734.8    -5267.3      0.0      0.0      0.0 2014  4 11  2 11 18.000  2.4   1
       35  12.319567  -86.451774     8.347     1970.6    -3177.2     1195.7      0.0      0.0      0.0 2014  4 11  2 48 43.000  1.4   1
       44  12.406421  -86.484513    12.564    -1590.6     6430.9     5411.5      0.0      0.0      0.0 2014  4 11  3 49 57.000  3.9   1
       45  12.445970  -86.494946     4.067    -2724.7    10806.0    -3085.2      0.0      0.0      0.0 2014  4 11  4  3 25.000  3.1   1
       47  12.425166  -86.502295     4.740    -3524.2     8504.6    -2412.1      0.0      0.0      0.0 2014  4 11  4 27 29.000  2.5   1
       49  12.329086  -86.424976     2.755     4885.4    -2124.1    -4395.7      0.0      0.0      0.0 2014  4 11  5 20 13.000  2.7   1
       50  12.360912  -86.538818    23.326    -7496.4     1396.5    16174.1      0.0      0.0      0.0 2014  4 11  5 23 41.000  3.8   1
       53  12.306678  -86.434253     3.653     3875.8    -4603.1    -3497.7      0.0      0.0      0.0 2014  4 11  5 43 21.000  3.0   1
       71  12.349313  -86.435799    14.783     3707.9      113.5     7630.8      0.0      0.0      0.0 2014  4 11  9 11  1.000  3.3   1
       81  12.351343  -86.441374     1.988     3101.2      337.9    -5163.1      0.0      0.0      0.0 2014  4 11 11  4 50.000  2.7   1
       86  12.395119  -86.520825     3.035    -5539.5     5180.7    -4117.2      0.0      0.0      0.0 2014  4 11 11 45 31.000  3.0   1
       88  12.337716  -86.479159     1.932    -1008.5    -1169.5    -5218.8      0.0      0.0      0.0 2014  4 11 12 20 41.000  2.9   1
       91  12.393523  -86.462337     1.020      821.2     5004.1    -6131.0      0.0      0.0      0.0 2014  4 11 12 52 31.000  3.0   1
       97  12.333814  -86.470744     3.053      -92.7    -1601.1    -4099.1      0.0      0.0      0.0 2014  4 11 14 28  4.000  3.3   1
      100  12.394189  -86.515682     1.802    -4980.3     5077.8    -5349.3      0.0      0.0      0.0 2014  4 11 15 17 53.000  2.3   1
      101  12.409722  -86.528988     8.571    -6426.7     6796.1     1418.7      0.0      0.0      0.0 2014  4 11 15 23 19.000  2.2   1
      107  12.457174  -86.627889     4.832   -17180.5    12045.3    -2320.1      0.0      0.0      0.0 2014  4 11 17 16 14.000  1.8   1
      119  12.362488  -86.473014     4.448     -339.5     1570.9    -2704.3      0.0      0.0      0.0 2014  4 11 20  5 15.000  3.7   1
      120  12.305308  -86.433374     1.122     3972.1    -4754.6    -6029.0      0.0      0.0      0.0 2014  4 11 20  8 43.000  3.2   1
      128  12.399749  -86.494092     1.841    -2631.9     5692.8    -5309.9      0.0      0.0      0.0 2014  4 11 22 23 40.000  1.4   1
      129  12.494812  -86.585710     2.000   -12593.0    16209.1    -5151.4      0.0      0.0      0.0 2014  4 11 22 35 36.000  1.9   1
      134  12.266453  -86.440340     5.586     3214.7    -9053.0    -1564.5      0.0      0.0      0.0 2014  4 12  0 21 37.000  4.0   1
      136  12.426919  -86.513298    13.824    -4720.4     8698.4     6672.0      0.0      0.0      0.0 2014  4 12  2 30 43.000  2.8   1
      139  12.384503  -86.442399     2.756     2989.6     4006.3    -4396.5      0.0      0.0      0.0 2014  4 12  3 20 25.000  2.0   1
      142  12.359511  -86.484660     1.799    -1606.2     1241.5    -5352.5      0.0      0.0      0.0 2014  4 12  5  3 37.000  2.2   1
      143  12.373355  -86.507503     3.377    -4090.9     2773.0    -3774.9      0.0      0.0      0.0 2014  4 12  5 25 52.000  1.8   1
      146  12.307445  -86.450334     3.138     2127.4    -4518.2    -4013.9      0.0      0.0      0.0 2014  4 12  6 11 10.000  2.3   1
      147  12.459506  -86.570321     2.965   -10920.5    12303.5    -4187.2      0.0      0.0      0.0 2014  4 12  6 25 25.000  1.9   1
      165  12.351793  -86.512256     1.157    -4607.5      387.7    -5993.8      0.0      0.0      0.0 2014  4 12 14 17 50.000  2.8   1
      168  12.424054  -86.538110     4.905    -7418.8     8381.6    -2246.9      0.0      0.0      0.0 2014  4 12 17 54  5.000  2.6   1
      169  12.436812  -86.551685     3.924    -8894.6     9792.9    -3227.6      0.0      0.0      0.0 2014  4 12 18 16  2.000  2.2   1
      174  12.359974  -86.567716    11.491   -10639.1     1292.7     4338.7      0.0      0.0      0.0 2014  4 12 21 28 59.000  1.2   1
      184  12.400514  -86.541309    19.587    -7767.3     5777.4    12434.7      0.0      0.0      0.0 2014  4 13  2 18 34.000  1.7   1
      187  12.418123  -86.596859     2.981   -13807.8     7725.4    -4170.1      0.0      0.0      0.0 2014  4 13  3 12 12.000  2.0   1
      191  12.374286  -86.542603     4.157    -7908.3     2876.1    -2994.8      0.0      0.0      0.0 2014  4 13  4 18 53.000  1.4   1
      192  12.387386  -86.434375    12.969     3862.0     4325.2     5816.8      0.0      0.0      0.0 2014  4 13  4 21 32.000  1.8   1
      193  12.371559  -86.508325    13.408    -4180.2     2574.3     6256.2      0.0      0.0      0.0 2014  4 13  4 59  0.000  1.6   1
      196  12.351396  -86.458553     5.047     1232.5      343.8    -2105.1      0.0      0.0      0.0 2014  4 13  5 54 36.000  3.6   1
      197  12.355505  -86.559521     5.630    -9747.9      798.4    -1521.2      0.0      0.0      0.0 2014  4 13  6  5 48.000  1.4   1
      203  12.337574  -86.500073     5.487    -3283.1    -1185.2    -1664.0      0.0      0.0      0.0 2014  4 13  6 53 29.000  1.9   1
      204  12.358566  -86.476595     1.656     -729.6     1137.1    -5496.0      0.0      0.0      0.0 2014  4 13  7  0 40.000  2.1   1
      210  12.396255  -86.507511     5.307    -4091.2     5306.3    -1844.7      0.0      0.0      0.0 2014  4 13  7 57 47.000  3.6   1
      211  12.395550  -86.477645     3.788     -843.4     5228.3    -3363.4      0.0      0.0      0.0 2014  4 13  8 20 56.000  2.1   1
      214  12.424541  -86.472998     4.234     -338.2     8435.4    -2917.3      0.0      0.0      0.0 2014  4 13  8 32 35.000  2.4   1
      220  12.368178  -86.462362     4.794      818.3     2200.4    -2357.5      0.0      0.0      0.0 2014  4 13 10 29 34.000  2.4   1
      224  12.375448  -86.520500     4.997    -5504.1     3004.5    -2153.8      0.0      0.0      0.0 2014  4 13 13 50 42.000  2.6   1
      225  12.396094  -86.529948     4.258    -6531.4     5288.5    -2893.7      0.0      0.0      0.0 2014  4 13 14 46 27.000  3.6   1
      226  12.422348  -86.521305     3.154    -5591.2     8192.8    -3997.8      0.0      0.0      0.0 2014  4 13 14 51 52.000  2.4   1
      229  12.399365  -86.578190    11.873   -11777.4     5650.4     4721.2      0.0      0.0      0.0 2014  4 13 17 54 30.000  1.8   1
      235  12.339105  -86.412891     4.595     6199.2    -1015.8    -2556.8      0.0      0.0      0.0 2014  4 13 23 40 11.000  3.6   1
      249  12.274038  -86.436369     2.372     3646.6    -8213.9    -4780.4      0.0      0.0      0.0 2014  4 14  5 11  6.000  3.1   1
      250  12.306826  -86.422550     4.046     5148.9    -4586.7    -3104.7      0.0      0.0      0.0 2014  4 14  5 17  7.000  2.9   1
      252  12.297527  -86.429338     3.319     4411.1    -5615.4    -3833.2      0.0      0.0      0.0 2014  4 14  5 39 43.000  3.0   1
      253  12.282574  -86.454134     1.151     1713.4    -7269.5    -5999.8      0.0      0.0      0.0 2014  4 14  5 43 53.000  4.6   1
      254  12.323176  -86.441325     2.781     3107.1    -2778.0    -4369.7      0.0      0.0      0.0 2014  4 14  5 49 29.000  3.5   1
      255  12.239738  -86.340446    11.971    14081.0   -12008.3     4818.9      0.0      0.0      0.0 2014  4 14  5 54 58.000  2.5   1
      261  12.220004  -86.360327    15.881    11919.3   -14191.2     8729.3      0.0      0.0      0.0 2014  4 14  6 31  1.000  2.9   1
      270  12.259857  -86.459969     2.739     1078.7    -9782.5    -4413.4      0.0      0.0      0.0 2014  4 14  7 27 46.000  2.7   1
      272  12.508774  -86.531706     1.161    -6721.6    17753.6    -5990.5      0.0      0.0      0.0 2014  4 14  7 41 56.000  2.6   1
      274  12.198309  -86.358504    14.939    12117.3   -16591.3     7786.9      0.0      0.0      0.0 2014  4 14  7 56 18.000  2.2   1
      276  12.382409  -86.451750     3.986     1972.9     3774.6    -3165.6      0.0      0.0      0.0 2014  4 14  8 32 35.000  2.6   1
      286  12.379017  -86.506860     4.452    -4020.6     3399.4    -2699.0      0.0      0.0      0.0 2014  4 14 10 14 24.000  2.8   1
      289  12.229585  -86.359302    14.020    12030.4   -13131.5     6868.3      0.0      0.0      0.0 2014  4 14 10 52 13.000  2.4   1
      292  12.230492  -86.390487    16.070     8637.5   -13031.0     8918.0      0.0      0.0      0.0 2014  4 14 11 36 40.000  3.3   1
      295  12.279273  -86.430575     4.294     4276.5    -7634.7    -2856.7      0.0      0.0      0.0 2014  4 14 12 44 18.000  2.7   1
      300  12.283138  -86.429899     3.442     4349.5    -7207.1    -3710.1      0.0      0.0      0.0 2014  4 14 13 50 15.000  3.2   1
      301  12.163447  -86.463102    10.116      738.8   -20447.9     2964.7      0.0      0.0      0.0 2014  4 14 13 54 31.000  1.8   1
      314  12.295705  -86.539697    25.667    -7592.9    -5816.9    18515.1      0.0      0.0      0.0 2014  4 14 19 14 35.000  2.1   1
      332  12.269270  -86.529313     2.779    -6463.5    -8741.3    -4372.6      0.0      0.0      0.0 2014  4 15  1 12 47.000  1.3   1
      334  12.223029  -86.382422     4.309     9515.2   -13856.8    -2842.4      0.0      0.0      0.0 2014  4 15  2 15 48.000  1.9   1
      339  12.370356  -86.447314     5.474     2455.1     2441.3    -1677.3      0.0      0.0      0.0 2014  4 15  3 41 44.000  3.3   1
      348  12.126137  -86.413639     8.594     6120.8   -24575.2     1442.6      0.0      0.0      0.0 2014  4 15  7  4  5.000  3.5   1
      356  12.363589  -86.460929     5.113      974.1     1692.7    -2037.6      0.0      0.0      0.0 2014  4 15  9 27  5.000  1.5   1
      362  12.283002  -86.415316     5.443     5936.2    -7222.3    -1707.6      0.0      0.0      0.0 2014  4 15 12 48 12.000  3.3   1
      371  12.434428  -86.515210     4.018    -4928.5     9529.1    -3133.4      0.0      0.0      0.0 2014  4 15 18 50  4.000  2.8   1
      372  12.443441  -86.450293     3.337     2130.8    10526.2    -3815.1      0.0      0.0      0.0 2014  4 15 19 42 44.000  2.6   1
      377  12.349696  -86.459684     5.479     1109.5      155.8    -1672.1      0.0      0.0      0.0 2014  4 16  3 18 32.000  3.8   1
      381  12.379886  -86.458504     5.707     1237.9     3495.5    -1444.2      0.0      0.0      0.0 2014  4 16  5 21 52.000  2.3   1
      382  12.389052  -86.516357     3.761    -5053.8     4509.5    -3391.3      0.0      0.0      0.0 2014  4 16  5 25 14.000  2.0   1
      390  12.362116  -86.488729    24.784    -2048.7     1529.8    17632.1      0.0      0.0      0.0 2014  4 16 15 40  7.000  1.7   1
      398  12.135336  -86.448291     8.231     2350.2   -23557.6     1079.7      0.0      0.0      0.0 2014  4 16 22 44 53.000  2.8   1
      399  12.224164  -86.385400     3.671     9191.6   -13731.2    -3480.2      0.0      0.0      0.0 2014  4 16 22 53 26.000  1.8   1
      402  12.349662  -86.461816     5.721      878.3      152.0    -1429.8      0.0      0.0      0.0 2014  4 17  0 11 45.000  2.3   1
      411  12.327400  -86.542464    24.321    -7893.5    -2310.7    17168.6      0.0      0.0      0.0 2014  4 17  6 44 21.000  2.2   1
      429  12.120775  -86.445947     8.198     2604.7   -25168.4     1046.5      0.0      0.0      0.0 2014  4 17 22 32 17.000  3.7   1
      431  12.355570  -86.539632    23.550    -7585.3      805.7    16397.5      0.0      0.0      0.0 2014  4 17 23  6 21.000  1.4   1
      434  12.353485  -86.469653     2.683       25.5      574.9    -4468.3      0.0      0.0      0.0 2014  4 18  0 19  5.000  3.9   1
      445  12.362689  -86.472078     4.641     -238.3     1593.1    -2510.2      0.0      0.0      0.0 2014  4 18 12  5 17.000  2.5   1
      446  12.341389  -86.449910     4.435     2173.4     -763.1    -2717.5      0.0      0.0      0.0 2014  4 18 12 21 58.000  4.4   1
      447  12.365237  -86.503019     0.495    -3602.8     1875.0    -6656.2      0.0      0.0      0.0 2014  4 18 12 26 45.000  3.7   1
      462  12.434230  -86.536100     2.230    -7199.8     9507.2    -4922.1      0.0      0.0      0.0 2014  4 19  6 40 24.000  1.4   1
      463  12.347735  -86.563582     4.789   -10190.4      -61.3    -2362.9      0.0      0.0      0.0 2014  4 19  6 59  8.000  1.2   1
      464  12.254626  -86.496574     1.557    -2903.1   -10361.3    -5594.8      0.0      0.0      0.0 2014  4 19  7  6 33.000  1.7   1
      467  12.375072  -86.481999    14.003    -1316.8     2963.0     6851.0      0.0      0.0      0.0 2014  4 19  8 28 53.000  1.4   1
      470  12.343915  -86.487793     1.048    -1947.0     -483.8    -6103.2      0.0      0.0      0.0 2014  4 19 13 44 28.000  3.9   1
      473  12.406847  -86.554240     1.949    -9173.2     6478.0    -5203.1      0.0      0.0      0.0 2014  4 19 17 40 17.000  1.9   1
      474  12.389549  -86.516488     5.474    -5067.7     4564.5    -1676.6      0.0      0.0      0.0 2014  4 19 18 18 15.000  4.0   1
      476  12.395966  -86.553532     4.968    -9096.1     5274.3    -2183.9      0.0      0.0      0.0 2014  4 19 19  9 45.000  1.6   1
      481  12.372910  -86.509717    22.887    -4331.6     2723.8    15735.3      0.0      0.0      0.0 2014  4 20  3 34 39.000  2.3   1
      483  12.366853  -86.468026     4.892      202.3     2053.7    -2259.9      0.0      0.0      0.0 2014  4 20  4 24  4.000  2.9   1
      487  12.461149  -86.550399     3.917    -8754.4    12485.2    -3233.6      0.0      0.0      0.0 2014  4 20  9 23 20.000  2.9   1
      489  12.370867  -86.515438     5.809    -4953.8     2497.8    -1343.3      0.0      0.0      0.0 2014  4 20 11 43 41.000  2.5   1
      492  12.404763  -86.501465     3.088    -3433.5     6247.4    -4064.5      0.0      0.0      0.0 2014  4 20 14 42 22.000  3.0   1
      497  12.237879  -86.419181     1.024     5515.8   -12213.8    -6128.0      0.0      0.0      0.0 2014  4 21  3 35 51.000  1.4   1
      498  12.364344  -86.576237    11.459   -11566.1     1776.2     4306.8      0.0      0.0      0.0 2014  4 21  5 14 36.000  1.6   1
      506  12.443404  -86.551742     2.154    -8900.5    10522.1    -4997.8      0.0      0.0      0.0 2014  4 21 15 45 38.000  1.4   1
      511  12.276820  -86.540715    25.277    -7704.1    -7906.1    18125.4      0.0      0.0      0.0 2014  4 22  0 18  8.000  2.4   1
      513  12.384139  -86.471867    15.761     -215.3     3966.0     8608.9      0.0      0.0      0.0 2014  4 22  4 14 50.000  2.6   1
      514  12.432903  -86.494588     5.087    -2685.6     9360.5    -2064.3      0.0      0.0      0.0 2014  4 22  4 18 39.000  5.2   1
      520  12.478741  -86.529451    14.225    -6476.0    14431.3     7072.9      0.0      0.0      0.0 2014  4 22  4 35 43.000  2.1   1
      521  12.481213  -86.560612    17.855    -9865.0    14704.7    10703.0      0.0      0.0      0.0 2014  4 22  4 41 24.000  1.4   1
      526  12.391820  -86.561434     2.604    -9955.6     4815.8    -4547.8      0.0      0.0      0.0 2014  4 22  6 23 28.000  1.3   1
      529  12.421580  -86.539119    12.518    -7528.2     8107.9     5365.8      0.0      0.0      0.0 2014  4 22  8 46 49.000  1.3   1
      541  12.336322  -86.480029    16.135    -1102.4    -1323.8     8983.1      0.0      0.0      0.0 2014  4 23  1 33 26.000  2.0   1
      545  12.362742  -86.516496     3.350    -5068.9     1599.0    -3802.2      0.0      0.0      0.0 2014  4 23  4  4 13.000  2.8   1
      546  12.384501  -86.471956     5.921     -224.8     4006.1    -1230.2      0.0      0.0      0.0 2014  4 23  4 44 44.000  4.1   1
      552  12.358846  -86.486654     2.313    -1823.3     1168.0    -4837.8      0.0      0.0      0.0 2014  4 23 15 12 21.000  2.1   1
      555  12.396375  -86.493555    16.558    -2574.0     5319.6     9406.4      0.0      0.0      0.0 2014  4 23 20  2 48.000  2.9   1
      563  12.383425  -86.479248     1.232    -1017.6     3887.0    -5918.6      0.0      0.0      0.0 2014  4 24  7 10 59.000  2.1   1
      565  12.376802  -86.518848    15.167    -5324.5     3154.3     8014.5      0.0      0.0      0.0 2014  4 24  9 10 60.000  1.6   1
      568  12.342992  -86.491479    14.611    -2348.3     -585.8     7459.3      0.0      0.0      0.0 2014  4 24  9 25 49.000  1.7   1
      570  12.407704  -86.487996     4.718    -1968.9     6572.8    -2433.2      0.0      0.0      0.0 2014  4 24  9 38 56.000  3.2   1
      574  12.353226  -86.527930    25.117    -6312.3      546.2    17964.7      0.0      0.0      0.0 2014  4 24 22 12  2.000  1.7   1
      578  12.408220  -86.520565    19.375    -5510.8     6630.0    12223.5      0.0      0.0      0.0 2014  4 25  2 32 58.000  1.5   1
      594  12.341597  -86.461165     2.679      948.6     -740.2    -4471.7      0.0      0.0      0.0 2014  4 26  9 33  5.000  3.6   1
      599  12.375612  -86.473926     1.747     -438.9     3022.7    -5405.0      0.0      0.0      0.0 2014  4 27  2  6 25.000  3.2   1
      604  12.280467  -86.517773    16.838    -5208.4    -7502.6     9686.5      0.0      0.0      0.0 2014  4 27 16  4 34.000  2.8   1
      605  12.294430  -86.532454    18.323    -6805.6    -5958.1    11171.3      0.0      0.0      0.0 2014  4 27 18 51 48.000  1.6   1
      607  12.338238  -86.479443     5.925    -1038.9    -1111.8    -1225.7      0.0      0.0      0.0 2014  4 28  4  0 48.000  3.3   1
      609  12.381230  -86.468066     4.636      198.4     3644.2    -2515.0      0.0      0.0      0.0 2014  4 28  9 42 22.000  3.0   1
      614  12.329761  -86.549788     1.955    -8690.2    -2049.5    -5195.9      0.0      0.0      0.0 2014  4 28 17 19 33.000  1.1   1
      619  12.370033  -86.484945     3.766    -1637.8     2405.5    -3386.1      0.0      0.0      0.0 2014  4 29  2 29 36.000  1.6   1
      627  12.388649  -86.514746     4.437    -4878.7     4464.9    -2715.5      0.0      0.0      0.0 2014  4 30  0 51 51.000  2.5   1
      630  12.407575  -86.561165     5.290    -9926.3     6558.6    -1861.6      0.0      0.0      0.0 2014  4 30  6 25 41.000  1.6   1
      631  12.262937  -86.484847     5.904    -1627.0    -9441.9    -1248.1      0.0      0.0      0.0 2014  4 30  8 15 49.000  2.6   1
      635  12.394014  -86.488094    13.562    -1979.5     5058.5     6409.5      0.0      0.0      0.0 2014  5  1  1  8  7.000  1.9   1
      639  12.419271  -86.523503    17.411    -5830.3     7852.4    10258.9      0.0      0.0      0.0 2014  5  1 10  8 54.000  1.5   1
      644  12.318527  -86.509530    24.467    -4311.9    -3292.2    17315.1      0.0      0.0      0.0 2014  5  1 13 47 35.000  1.9   1
      648  12.402149  -86.530330     2.351    -6572.8     5958.4    -4800.5      0.0      0.0      0.0 2014  5  1 17 49 55.000  3.5   1
      651  12.439322  -86.491813    17.141    -2383.8    10070.6     9988.8      0.0      0.0      0.0 2014  5  1 23  7 14.000  1.5   1
      652  12.420361  -86.489445    11.385    -2126.9     7973.1     4232.9      0.0      0.0      0.0 2014  5  2  0  8 24.000  2.0   1
      653  12.369101  -86.482886    12.681    -1413.8     2302.4     5529.1      0.0      0.0      0.0 2014  5  2  0 37  1.000  1.4   1
      658  12.297261  -86.449528     2.805     2215.1    -5644.8    -4347.3      0.0      0.0      0.0 2014  5  2  2 48 41.000  3.6   1
      659  12.356941  -86.491032     4.120    -2299.6      957.2    -3032.5      0.0      0.0      0.0 2014  5  2  3 31  6.000  2.3   1
      663  12.368570  -86.520654     5.979    -5520.9     2243.7    -1173.2      0.0      0.0      0.0 2014  5  2  4 21 56.000  3.9   1
      670  12.433418  -86.524292     3.913    -5916.2     9417.4    -3238.1      0.0      0.0      0.0 2014  5  2  5 25 28.000  2.2   1
      674  12.426845  -86.550138     4.812    -8727.0     8690.4    -2339.7      0.0      0.0      0.0 2014  5  2 13 10 52.000  1.2   1
      676  12.348173  -86.539453     4.780    -7565.8      -12.7    -2372.5      0.0      0.0      0.0 2014  5  2 19 37 16.000  1.5   1
      682  12.421742  -86.492212    19.792    -2427.7     8125.7    12639.6      0.0      0.0      0.0 2014  5  4  3 42  5.000  1.1   1
      684  12.435280  -86.494963     3.589    -2726.1     9623.4    -3562.6      0.0      0.0      0.0 2014  5  4  7 36  2.000  1.3   1
      686  12.387543  -86.560539     2.273    -9858.7     4342.5    -4878.0      0.0      0.0      0.0 2014  5  4 12 13  7.000  0.8   1
      687  12.386105  -86.568018     2.115   -10672.1     4183.5    -5035.6      0.0      0.0      0.0 2014  5  4 12 44  5.000  1.0   1
      696  12.381490  -86.523364    27.900    -5815.5     3672.9    20748.2      0.0      0.0      0.0 2014  5  6 12 43 47.000  1.3   1
      697  12.458871  -86.542871     3.525    -7935.6    12233.2    -3626.7      0.0      0.0      0.0 2014  5  7  0 21 38.000  1.1   1
      704  12.390161  -86.517977    17.363    -5229.4     4632.2    10210.5      0.0      0.0      0.0 2014  5  7 15 35 29.000  1.7   1
      705  12.259175  -86.470313     3.143      -46.4    -9858.1    -4008.3      0.0      0.0      0.0 2014  5  7 23 19 50.000  2.0   1
      706  12.350245  -86.586239     3.954   -12654.1      216.5    -3198.4      0.0      0.0      0.0 2014  5  8  3  5 38.000  1.7   1
      711  12.343899  -86.586426    14.829   -12675.1     -485.6     7676.8      0.0      0.0      0.0 2014  5  8 16 25  6.000  1.5   1
      725  12.513188  -86.554150     1.839    -9161.5    18241.9    -5311.9      0.0      0.0      0.0 2014  5 10 18 21 44.000  1.9   1
      734  12.365522  -86.577873     2.094   -11744.4     1906.5    -5057.3      0.0      0.0      0.0 2014  5 13  6 41 22.000  1.5   1
      736  12.351120  -86.439372     3.516     3319.4      313.3    -3635.6      0.0      0.0      0.0 2014  5 14 11 16 34.000  2.8   1
      741  12.339459  -86.540584     5.432    -7689.1     -976.6    -1719.7      0.0      0.0      0.0 2014  5 15 13 53 17.000  1.3   1
      745  12.440782  -86.600570     2.027   -14210.8    10232.0    -5124.3      0.0      0.0      0.0 2014  5 15 23  4 46.000  0.8   1
      749  12.417507  -86.483529     4.797    -1483.1     7657.3    -2354.7      0.0      0.0      0.0 2014  5 16 14 44 51.000  2.3   1
      750  12.429804  -86.609342     7.899   -15165.0     9017.8      747.0      0.0      0.0      0.0 2014  5 16 15 10 34.000  1.2   1
      754  12.410494  -86.550317     4.753    -8746.6     6881.5    -2398.7      0.0      0.0      0.0 2014  5 16 18  2 38.000  1.3   1
      764  12.378478  -86.588770     4.859   -12928.7     3339.7    -2293.1      0.0      0.0      0.0 2014  5 20  9 23  1.000  1.6   1
      765  12.354794  -86.552393    25.314    -8972.8      719.7    18162.3      0.0      0.0      0.0 2014  5 20 11 20 25.000  1.7   1
      769  12.399846  -86.519922     2.991    -5441.4     5703.6    -4160.7      0.0      0.0      0.0 2014  5 20 22 20 27.000  1.2   1
      770  12.355496  -86.499390    16.693    -3208.2      797.4     9540.7      0.0      0.0      0.0 2014  5 20 23  2 34.000  1.9   1
      777  12.369311  -86.476864     5.701     -758.7     2325.5    -1450.5      0.0      0.0      0.0 2014  5 22  0 27 38.000  3.6   1
      779  12.275890  -86.552743    21.399    -9012.8    -8008.9    14246.6      0.0      0.0      0.0 2014  5 22  0 43 36.000  1.4   1
      787  12.406855  -86.564274     3.409   -10263.8     6479.0    -3743.2      0.0      0.0      0.0 2014  5 22 12  8  7.000  1.2   1
      789  12.339468  -86.499390     4.526    -3208.3     -975.6    -2624.6      0.0      0.0      0.0 2014  5 24  0 28 57.000  2.8   1
      792  12.408434  -86.515145     2.370    -4921.8     6653.6    -4781.7      0.0      0.0      0.0 2014  5 25  2 32 48.000  1.4   1
      796  12.411569  -86.513582     0.682    -4751.1     7000.5    -6469.1      0.0      0.0      0.0 2014  5 25 17 40  6.000  2.7   1
      802  12.386131  -86.577189     5.677   -11669.2     4186.4    -1473.7      0.0      0.0      0.0 2014  5 26  4 32 28.000  1.3   1
      804  12.386417  -86.553613     4.891    -9105.6     4217.9    -2260.9      0.0      0.0      0.0 2014  5 26  6 30 16.000  1.4   1
      814  12.439433  -86.520508     3.856    -5504.8    10082.8    -3294.7      0.0      0.0      0.0 2014  5 27  0 12 44.000  3.1   1
      819  12.339153  -86.546151    14.691    -8294.6    -1010.6     7539.4      0.0      0.0      0.0 2014  5 28  6 55  5.000  2.2   1
      823  12.443784  -86.499691    11.650    -3240.7    10564.1     4497.8      0.0      0.0      0.0 2014  5 29  5 57 18.000  1.8   1
      831  12.349941  -86.495483    19.769    -2783.5      182.9    12617.2      0.0      0.0      0.0 2014  5 31  1 40 23.000  2.5   1
      850  12.427102  -86.544499     3.904    -8113.7     8718.7    -3246.7      0.0      0.0      0.0 2014  6  2  3 18 57.000  1.3   1
      852  12.360403  -86.506836    18.166    -4018.5     1340.2    11014.2      0.0      0.0      0.0 2014  6  3  4 14 11.000  1.6   1
      857  12.477987  -86.553231     1.691    -9061.7    14347.9    -5459.9      0.0      0.0      0.0 2014  6  4  7  8 12.000  1.3   1
      862  12.376330  -86.586597     5.638   -12692.6     3102.1    -1512.5      0.0      0.0      0.0 2014  6  5  6 31 31.000  1.0   1
      866  12.350021  -86.486922     5.238    -1852.9      191.8    -1914.1      0.0      0.0      0.0 2014  6  8  2 14 29.000  4.0   1
      871  12.326860  -86.554346    22.553    -9186.2    -2370.5    15401.5      0.0      0.0      0.0 2014  6  8  2 40 47.000  2.0   1
      874  12.325207  -86.493994    17.568    -2621.6    -2553.4    10416.0      0.0      0.0      0.0 2014  6  8  3 25 26.000  1.9   1
      879  12.492434  -86.669946    10.086   -21752.6    15946.0     2934.3      0.0      0.0      0.0 2014  6  8 22 30  1.000  1.5   1
      882  12.374673  -86.528231    12.407    -6344.7     2918.8     5255.3      0.0      0.0      0.0 2014  6  9  2  9 44.000  2.7   1
      890  12.454181  -86.534351    14.773    -7009.7    11714.4     7620.8      0.0      0.0      0.0 2014  6 10  5 12 44.000  1.3   1
      892  12.333130  -86.574333     4.175   -11359.6    -1676.8    -2977.1      0.0      0.0      0.0 2014  6 11 16 32 45.000  1.0   1
      910  12.420776  -86.652083     1.810   -19812.8     8018.9    -5341.9      0.0      0.0      0.0 2014  6 15 11 52 44.000  1.7   1
      912  12.459968  -86.600317     7.041   -14182.7    12354.5     -110.6      0.0      0.0      0.0 2014  6 15 13  7 58.000  1.5   1
      918  12.340485  -86.489575     5.380    -2141.3     -863.2    -1772.3      0.0      0.0      0.0 2014  6 16 19 52 36.000  1.6   1
      921  12.371952  -86.461792     2.208      880.8     2617.9    -4944.1      0.0      0.0      0.0 2014  6 17  3  3 44.000  1.7   1
      922  12.389760  -86.450000     3.917     2162.8     4587.9    -3235.3      0.0      0.0      0.0 2014  6 17  3 18 30.000  1.5   1
      928  12.377639  -86.490527    17.114    -2244.2     3246.9     9961.8      0.0      0.0      0.0 2014  6 19  3 29 34.000  2.9   1
      933  12.344735  -86.497868     5.375    -3043.0     -393.1    -1776.2      0.0      0.0      0.0 2014  6 19 23 27 39.000  1.1   1
      935  12.369213  -86.513216    12.630    -4712.1     2314.8     5477.8      0.0      0.0      0.0 2014  6 20  3 55 56.000  2.4   1
      940  12.392937  -86.497713     1.860    -3025.5     4939.3    -5291.1      0.0      0.0      0.0 2014  6 21  4 10 29.000  0.8   1
      943  12.362154  -86.502010     4.887    -3493.3     1533.9    -2263.6      0.0      0.0      0.0 2014  6 21  6 58 46.000  1.2   1
      944  12.361043  -86.468490     2.621      152.3     1411.0    -4530.7      0.0      0.0      0.0 2014  6 21 14  0 10.000  2.1   1
      946  12.349428  -86.481714     1.875    -1286.2      126.1    -5276.2      0.0      0.0      0.0 2014  6 22 20 43  1.000  2.2   1
      947  12.394942  -86.480721     1.414    -1178.3     5161.1    -5737.7      0.0      0.0      0.0 2014  6 23  6 24 34.000  1.3   1
      949  12.339843  -86.521004    11.913    -5559.2     -934.2     4761.2      0.0      0.0      0.0 2014  6 24  1 16  3.000  1.4   1
      951  12.384635  -86.518001     2.568    -5232.3     4020.9    -4582.9      0.0      0.0      0.0 2014  6 24  5 12 30.000  1.0   1
      956  12.493185  -86.649178     7.614   -19494.5    16029.2      462.4      0.0      0.0      0.0 2014  6 24 22 29 47.000  2.2   1
      959  12.482297  -86.641227     5.358   -18630.4    14824.6    -1793.6      0.0      0.0      0.0 2014  6 24 23 43 41.000  1.8   1
      960  12.458485  -86.638835     4.143   -18370.6    12190.4    -3009.0      0.0      0.0      0.0 2014  6 24 23 47 27.000  1.1   1
      962  12.446389  -86.667472     4.894   -21485.7    10852.3    -2257.1      0.0      0.0      0.0 2014  6 25  1  6 50.000  1.4   1
      963  12.490251  -86.630282     3.540   -17439.5    15704.6    -3612.1      0.0      0.0      0.0 2014  6 25  1 34 31.000  2.4   1
      964  12.470437  -86.640625     5.589   -18565.3    13512.6    -1562.0      0.0      0.0      0.0 2014  6 25  1 45  1.000  1.5   1
      965  12.459280  -86.629940     9.524   -17403.6    12278.4     2371.9      0.0      0.0      0.0 2014  6 25  2  9 12.000  0.9   1
      968  12.450612  -86.660441     5.948   -20720.6    11319.5    -1203.4      0.0      0.0      0.0 2014  6 25  6 26  7.000  0.7   1
      969  12.485499  -86.629354     5.186   -17339.2    15178.8    -1966.4      0.0      0.0      0.0 2014  6 25  9 25 58.000  1.7   1
      970  12.461993  -86.638843     2.325   -18371.2    12578.6    -4826.0      0.0      0.0      0.0 2014  6 25 11 12 17.000  1.5   1
      971  12.446441  -86.527035     1.800    -6213.7    10858.0    -5351.1      0.0      0.0      0.0 2014  6 26  6 12 51.000  0.9   1
      975  12.450099  -86.649691     2.227   -19551.2    11262.8    -4924.3      0.0      0.0      0.0 2014  6 26 10  6 35.000  0.9   1
      976  12.387406  -86.468563     4.820      144.1     4327.4    -2331.8      0.0      0.0      0.0 2014  6 26 12  3 31.000  1.0   1
      978  12.489249  -86.624455     3.868   -16806.2    15593.7    -3283.6      0.0      0.0      0.0 2014  6 26 20 51 57.000  1.9   1
      979  12.482761  -86.628223     5.927   -17216.5    14876.0    -1223.5      0.0      0.0      0.0 2014  6 28  5  9 48.000  1.9   1
      980  12.488177  -86.628923     5.866   -17292.0    15475.2    -1285.3      0.0      0.0      0.0 2014  6 28  5 25 42.000  1.8   1
      988  12.377319  -86.476115     1.474     -676.7     3211.6    -5677.0      0.0      0.0      0.0 2014  6 30 21 55 24.000  1.0   1
