       42  12.247743  -86.385913     4.994    -3166.1     1221.4    -2698.0    243.2    227.0     54.1 2014  4 11  3 31 42.000  3.9   2
       43  12.253641  -86.379574    15.820    -2476.4     1873.9     8128.4    298.8    532.2    237.8 2014  4 11  3 38  6.000  3.5   2
       48  12.281450  -86.403271     5.609    -5054.6     4950.3    -2081.8    239.7    229.0     53.0 2014  4 11  4 35  9.000  3.1   2
       49  12.282138  -86.373714     5.619    -1839.2     5026.3    -2071.3    242.0    225.2     57.0 2014  4 11  5 20 13.000  2.7   2
       51  12.300730  -86.366463     3.104    -1049.9     7083.1    -4587.2    242.5    227.7    146.6 2014  4 11  5 29 38.000  2.7   2
       52  12.256129  -86.392505    12.944    -3883.5     2149.1     5252.4    257.5    225.2    163.9 2014  4 11  5 33 50.000  3.1   2
       53  12.287582  -86.375293     5.719    -2010.3     5628.7    -1971.2    241.9    226.1     61.0 2014  4 11  5 43 21.000  3.0   2
       69  12.280848  -86.407650    12.982    -5531.5     4883.7     5290.3    254.1    227.9    147.6 2014  4 11  9  1  7.000  2.7   2
       96  12.251424  -86.433097     4.853    -8300.1     1628.7    -2838.5    240.5    236.7     72.4 2014  4 11 14 10 36.000  2.6   2
       99  12.247661  -86.389233    10.590    -3527.3     1212.4     2898.9    245.1    231.2    222.3 2014  4 11 14 52 41.000  3.3   2
      102  12.250665  -86.426807    13.058    -7615.8     1544.7     5366.7    256.3    230.8    181.9 2014  4 11 15 56 52.000  3.3   2
      103  12.282758  -86.413770     0.115    -6196.5     5094.9    -7576.8    239.9    233.0    349.4 2014  4 11 16  5 44.000  3.3   2
      110  12.283678  -86.421395    10.081    -7026.4     5196.7     2389.2    240.1    238.7    503.8 2014  4 11 18 22 53.000  2.8   2
      121  12.273994  -86.412565    11.628    -6066.0     4125.5     3936.7    240.1    236.5    536.3 2014  4 11 19 99 33.000  3.0   2
      123  12.281081  -86.405827     2.325    -5332.6     4909.4    -5366.3    240.9    232.7    182.0 2014  4 11 21 38 53.000  3.3   2
      126  12.278804  -86.349259     3.476      821.5     4657.5    -4215.9    245.4    224.4    136.2 2014  4 11 21 51 32.000  3.7   2
      132  12.231307  -86.401221    13.262    -4832.2     -596.8     5570.3    258.2    225.4    145.9 2014  4 12  0  8 11.000  4.1   2
      133  12.266703  -86.443522    13.376    -9434.2     3318.9     5684.7    256.2    241.0    194.5 2014  4 12  0 16 55.000  3.3   2
      134  12.253452  -86.411190     5.761    -5916.6     1852.9    -1930.0    241.1    230.0     55.0 2014  4 12  0 21 37.000  4.0   2
      137  12.272702  -86.401514    15.334    -4863.8     3982.5     7642.1    255.8    230.0    145.9 2014  4 12  2 50 42.000  2.9   2
      138  12.280761  -86.432096     6.701    -8190.6     4874.0     -990.5    239.0    238.3    459.3 2014  4 12  3 13 40.000  2.9   2
      141  12.251512  -86.432349    12.994    -8218.6     1638.3     5302.1    254.5    230.4    156.6 2014  4 12  3 40 38.000  3.3   2
      155  12.254026  -86.412012     9.076    -6006.1     1916.5     1384.4    242.2    232.1    453.7 2014  4 12 10  2  9.000  3.2   2
      157  12.286970  -86.379460     2.480    -2464.4     5560.9    -5211.1    241.4    227.2    158.6 2014  4 12 10 23 13.000  2.7   2
      178  12.280378  -86.385612     4.861    -3133.1     4831.7    -2830.4    241.2    227.6     55.0 2014  4 13  1 20  6.000  4.3   2
      183  12.258355  -86.414453     5.725    -6271.4     2395.3    -1965.5    240.4    230.4     53.2 2014  4 13  2  7 37.000  3.4   2
      228  12.271370  -86.386735    10.271    -3255.9     3835.2     2579.2    242.1    228.6    247.6 2014  4 13 17 41 35.000  3.1   2
      238  12.270626  -86.421159     5.738    -7001.3     3752.8    -1952.0    239.1    231.5     54.4 2014  4 14  0 27 46.000  2.6   2
      245  12.294850  -86.380013     5.697    -2524.3     6432.6    -1993.4    241.1    228.5     60.9 2014  4 14  4 12 24.000  4.4   2
      248  12.257685  -86.378434     4.907    -2352.6     2321.4    -2784.1    243.2    225.6     53.1 2014  4 14  5  7  3.000  5.6   2
      249  12.251198  -86.395500     3.061    -4209.7     1603.7    -4630.2    242.4    227.9    148.1 2014  4 14  5 11  6.000  3.1   2
      250  12.281829  -86.372599     5.669    -1717.4     4992.1    -2021.4    242.2    226.4     57.5 2014  4 14  5 17  7.000  2.9   2
      251  12.263097  -86.395239     7.423    -4180.7     2920.0     -268.1    242.0    228.2    275.2 2014  4 14  5 25 27.000  3.1   2
      252  12.270761  -86.385319     4.865    -3101.4     3767.8    -2826.6    241.8    226.6     53.5 2014  4 14  5 39 43.000  3.0   2
      253  12.274254  -86.392554     0.583    -3889.1     4154.2    -7107.1    243.1    233.6    304.6 2014  4 14  5 43 53.000  4.6   2
      254  12.270348  -86.394255     5.686    -4073.8     3722.1    -2004.4    241.1    228.0     52.8 2014  4 14  5 49 29.000  3.5   2
      255  12.255377  -86.386776    13.368    -3260.6     2066.0     5676.8    259.8    233.6    162.5 2014  4 14  5 54 58.000  2.5   2
      256  12.275802  -86.369580     5.670    -1389.6     4325.3    -2020.4    242.9    225.9     57.6 2014  4 14  5 59 25.000  3.5   2
      257  12.225347  -86.412972    12.805    -6111.1    -1256.1     5113.9    259.9    231.6    177.4 2014  4 14  6  5 24.000  3.5   2
      258  12.238135  -86.396265     8.551    -4292.6      158.5      859.2    243.7    227.6    261.6 2014  4 14  6 12 31.000  4.0   2
      259  12.267042  -86.379769    12.233    -2498.1     3356.4     4541.5    278.2    286.6    355.5 2014  4 14  6 20 56.000  3.5   2
      261  12.230737  -86.412061    16.442    -6011.9     -659.7     8750.1    260.0    232.3    143.6 2014  4 14  6 31  1.000  2.9   2
      262  12.203913  -86.423258    16.047    -7230.6    -3627.1     8355.2    410.5    438.0    563.6 2014  4 14  6 34 11.000  3.0   2
      263  12.256182  -86.388175     4.912    -3412.4     2155.0    -2779.3    242.6    226.9     52.6 2014  4 14  6 39  2.000  2.8   2
      265  12.257102  -86.379818     4.850    -2503.2     2256.8    -2841.8    243.2    225.7     53.4 2014  4 14  6 52 26.000  3.2   2
      267  12.263170  -86.383927     5.450    -2950.7     2928.1    -2241.9    245.8    232.5     57.3 2014  4 14  7 10  5.000  3.1   2
      270  12.249439  -86.385913     4.905    -3166.7     1409.1    -2786.3    243.1    226.7     53.1 2014  4 14  7 27 46.000  2.7   2
      271  12.267878  -86.377987     5.671    -2303.6     3448.9    -2020.0    242.7    225.9     54.8 2014  4 14  7 36 13.000  3.1   2
      273  12.215037  -86.394027    94.485    -4049.3    -2396.6    86793.6   1088.1   1122.2   4091.1 2014  4 14  7 51 33.000  2.5   2
      279  12.248201  -86.378841    11.327    -2396.7     1272.2     3635.7    245.0    228.0    320.3 2014  4 14  8 49 18.000  2.7   2
      282  12.266207  -86.378084     5.680    -2314.5     3264.0    -2010.5    242.7    226.0     54.5 2014  4 14  9  5 18.000  3.3   2
      284  12.270236  -86.385278     5.836    -3097.2     3709.7    -1855.5    241.7    226.6     52.8 2014  4 14  9 23 45.000  3.0   2
      291  12.280483  -86.405444     3.627    -5291.3     4843.3    -4063.4    241.0    232.5     72.6 2014  4 14 11 32  4.000  3.0   2
      292  12.235047  -86.445304    17.099    -9628.9     -183.0     9407.7    282.1    270.2    170.4 2014  4 14 11 36 40.000  3.3   2
      293  12.270187  -86.404679     5.646    -5208.3     3704.3    -2044.2    240.3    229.8     52.9 2014  4 14 11 54 22.000  3.0   2
      294  12.268586  -86.398617     2.124    -4548.1     3527.2    -5566.7    242.7    230.0    162.9 2014  4 14 12 36 25.000  3.8   2
      295  12.255212  -86.387476     5.748    -3336.2     2047.8    -1942.3    242.5    226.6     54.3 2014  4 14 12 44 18.000  2.7   2
      300  12.250806  -86.394995     4.843    -4154.4     1560.2    -2848.2    242.4    228.2     53.8 2014  4 14 13 50 15.000  3.2   2
      304  12.259097  -86.388493     5.468    -3447.0     2477.5    -2223.2    242.5    226.8     53.8 2014  4 14 15 54 21.000  3.6   2
      305  12.240915  -86.397217     9.867    -4395.9      466.1     2175.7    250.8    240.2    211.8 2014  4 14 16 21 47.000  2.7   2
      306  12.266205  -86.417562     4.905    -6609.7     3263.8    -2786.7    239.9    231.3     54.1 2014  4 14 17  0 57.000  2.9   2
      310  12.263193  -86.403426     8.692    -5072.1     2930.6     1000.7    241.3    228.5    244.7 2014  4 14 18 14 22.000  3.7   2
      317  12.278203  -86.405509     5.658    -5298.2     4591.0    -2032.1    239.6    229.7     52.4 2014  4 14 20 51 29.000  3.3   2
      320  12.277970  -86.396688     4.860    -4338.8     4565.3    -2831.7    241.4    229.3     53.6 2014  4 14 21 40 33.000  3.4   2
      323  12.223523  -86.416024    14.205    -6443.2    -1457.9     6513.2    259.2    232.3    174.2 2014  4 14 22 19 29.000  2.9   2
      330  12.249446  -86.421086    12.295    -6993.2     1409.8     4603.9    254.3    237.0    186.9 2014  4 15  0 53 43.000  2.5   2
      341  12.264148  -86.423910    14.901    -7300.2     3036.3     7209.7    258.4    238.2    188.7 2014  4 15  4  0 46.000  2.7   2
      342  12.230857  -86.355363     5.766      157.8     -646.5    -1924.7    247.9    224.4     64.4 2014  4 15  4 15 46.000  2.6   2
      343  12.217843  -86.357471     5.818      -71.5    -2086.3    -1872.4    248.8    225.7     65.0 2014  4 15  4 28  7.000  4.2   2
      348  12.217800  -86.347485     5.864     1015.1    -2091.0    -1826.2    250.7    226.3     65.8 2014  4 15  7  4  5.000  3.5   2
      360  12.256894  -86.398779     2.410    -4565.8     2233.8    -5281.1    243.2    228.7    167.4 2014  4 15 12  2  0.000  2.7   2
      362  12.270361  -86.384277     5.686    -2988.5     3723.5    -2004.9    241.9    226.9     53.1 2014  4 15 12 48 12.000  3.3   2
      398  12.216696  -86.379850     5.678    -2506.8    -2213.0    -2012.3    248.6    230.0     66.0 2014  4 16 22 44 53.000  2.8   2
      408  12.242948  -86.399642    14.755    -4660.2      691.0     7064.0    258.0    226.9    140.8 2014  4 17  4 34 41.000  2.5   2
      415  12.189818  -86.374618     5.915    -1937.2    -5186.4    -1775.2    254.7    233.8     70.1 2014  4 17  9  7 38.000  2.5   2
      419  12.196459  -86.367977     5.878    -1214.6    -4451.8    -1812.1    254.3    231.7     66.6 2014  4 17 10 36 59.000  2.5   2
      429  12.216888  -86.379118     3.187    -2427.0    -2191.7    -4504.9    248.6    229.6    163.8 2014  4 17 22 32 17.000  3.7   2
      430  12.193747  -86.386068    14.970    -3183.8    -4751.8     7278.6    494.0    476.6    549.6 2014  4 17 22 35 49.000  2.8   2
      433  12.217209  -86.377165     4.305    -2214.8    -2156.3    -3386.1    248.8    229.5    150.2 2014  4 17 23 42 21.000  2.5   2
      449  12.260332  -86.402450    15.227    -4965.2     2614.1     7535.6    256.4    226.5    141.3 2014  4 18 14  9 20.000  2.6   2
      658  12.257660  -86.405404     4.941    -5287.3     2318.5    -2750.8    241.1    229.2     52.5 2014  5  2  2 48 41.000  3.6   2
      738  12.259773  -86.395654     2.688    -4226.6     2552.2    -5003.4    241.8    227.8    151.8 2014  5 15  1 49 57.000  2.5   2
      837  12.271169  -86.416032     3.626    -6442.8     3812.9    -4065.6    239.4    230.8     53.7 2014  6  1 11 38 16.000  3.6   2
      974  12.244915  -86.397607     5.024    -4439.1      908.6    -2667.9    242.9    229.2     58.4 2014  6 26  7  0 32.000  2.5   2
