       42  12.245621  -86.375562     5.020    -2040.2      986.7    -2671.1    385.6    358.1     77.9 2014  4 11  3 31 42.000  3.9   2
       43  12.240415  -86.364299    15.352     -814.6      410.8     7661.0    432.8    595.8    320.9 2014  4 11  3 38  6.000  3.5   2
       48  12.279040  -86.392920     5.668    -3928.1     4683.5    -2023.0    380.1    364.0     76.5 2014  4 11  4 35  9.000  3.1   2
       49  12.279710  -86.363517     5.704     -729.7     4757.8    -1986.3    384.5    358.0     84.1 2014  4 11  5 20 13.000  2.7   2
       51  12.297734  -86.356079     3.216       79.6     6751.6    -4475.2    385.8    361.1    224.9 2014  4 11  5 29 38.000  2.7   2
       52  12.254115  -86.381543    13.140    -2691.2     1926.3     5449.0    409.1    349.4    277.8 2014  4 11  5 33 50.000  3.1   2
       53  12.284792  -86.365145     5.780     -906.9     5320.0    -1910.0    384.0    359.9     87.5 2014  4 11  5 43 21.000  3.0   2
       69  12.279916  -86.396004    12.731    -4263.9     4780.6     5039.3    403.1    356.6    260.5 2014  4 11  9  1  7.000  2.7   2
       96  12.248130  -86.423185     4.880    -7221.3     1264.3    -2811.2    379.8    373.4    114.1 2014  4 11 14 10 36.000  2.6   2
       99  12.244521  -86.379460    10.477    -2463.8      865.0     2785.8    387.6    363.2    358.5 2014  4 11 14 52 41.000  3.3   2
      102  12.250421  -86.414648    12.767    -6293.3     1517.7     5075.2    408.1    366.6    318.2 2014  4 11 15 56 52.000  3.3   2
      103  12.279402  -86.403613     1.961    -5091.9     4723.6    -5730.1    379.5    368.2    272.8 2014  4 11 16  5 44.000  3.3   2
      110  12.281325  -86.410563    11.069    -5848.3     4936.4     3377.8    381.3    379.5    832.3 2014  4 11 18 22 53.000  2.8   2
      121  12.273257  -86.401693     7.941    -4883.5     4044.0      249.3    382.0    375.1    673.9 2014  4 11 19 99 33.000  3.0   2
      123  12.277454  -86.396354     2.513    -4302.4     4508.1    -5178.8    380.1    366.6    261.1 2014  4 11 21 38 53.000  3.3   2
      126  12.276929  -86.337956     3.667     2051.7     4450.0    -4024.4    391.6    361.2    274.6 2014  4 11 21 51 32.000  3.7   2
      132  12.230724  -86.389242    12.903    -3528.3     -661.2     5211.5    408.9    349.4    262.2 2014  4 12  0  8 11.000  4.1   2
      133  12.264577  -86.432731    13.421    -8259.8     3083.8     5730.0    441.7    435.0    517.7 2014  4 12  0 16 55.000  3.3   2
      134  12.250940  -86.400692     5.815    -4774.1     1575.1    -1875.0    381.7    364.0     81.5 2014  4 12  0 21 37.000  4.0   2
      137  12.271954  -86.389917    15.240    -3601.9     3899.8     7548.6    409.4    365.9    271.2 2014  4 12  2 50 42.000  2.9   2
      138  12.278559  -86.421794     9.339    -7070.4     4630.4     1647.5    380.1    380.4    516.2 2014  4 12  3 13 40.000  2.9   2
      141  12.252572  -86.420443    12.734    -6923.6     1755.6     5042.5    403.1    361.4    258.7 2014  4 12  3 40 38.000  3.3   2
      155  12.252070  -86.401318    10.146    -4842.5     1700.1     2454.9    402.7    366.7    332.7 2014  4 12 10  2  9.000  3.2   2
      157  12.284563  -86.368644     2.783    -1287.1     5294.6    -4908.5    383.8    361.0    242.1 2014  4 12 10 23 13.000  2.7   2
      158  12.333695  -86.341886    10.726     1623.3    10729.8     3034.6   1200.6   1398.1   1267.4 2014  4 12 10 56  9.000  2.8   2
      178  12.277903  -86.374935     4.932    -1971.8     4557.9    -2759.7    383.2    361.1     79.6 2014  4 13  1 20  6.000  4.3   2
      182  12.267059  -86.416838     1.859    -6531.0     3358.3    -5832.7    378.7    369.2    294.9 2014  4 13  2  5 34.000  3.2   2
      183  12.256003  -86.404012     5.765    -5135.6     2135.1    -1925.7    380.6    364.5     77.8 2014  4 13  2  7 37.000  3.4   2
      228  12.270031  -86.375944     9.179    -2081.5     3687.0     1487.5    383.7    360.5    402.9 2014  4 13 17 41 35.000  3.1   2
      238  12.268343  -86.410742     5.774    -5867.5     3500.3    -1916.2    378.5    366.9     81.9 2014  4 14  0 27 46.000  2.6   2
      245  12.291160  -86.370239     5.774    -1460.6     6024.4    -1916.7    383.2    364.0     85.7 2014  4 14  4 12 24.000  4.4   2
      248  12.255019  -86.367782     4.972    -1193.4     2026.4    -2719.8    386.1    357.3     77.6 2014  4 14  5  7  3.000  5.6   2
      249  12.248466  -86.384839     3.456    -3049.9     1301.4    -4235.7    384.4    360.3    228.4 2014  4 14  5 11  6.000  3.1   2
      250  12.279133  -86.362118     5.772     -577.1     4693.9    -1918.6    384.9    359.5     83.3 2014  4 14  5 17  7.000  2.9   2
      251  12.260547  -86.384725     7.821    -3036.9     2637.8      129.1    384.7    362.4    367.8 2014  4 14  5 25 27.000  3.1   2
      252  12.268216  -86.374715     4.939    -1947.6     3486.3    -2752.7    383.8    359.7     77.0 2014  4 14  5 39 43.000  3.0   2
      253  12.270522  -86.382951     1.671    -2844.0     3741.4    -6019.2    383.5    362.9    260.0 2014  4 14  5 43 53.000  4.6   2
      254  12.267320  -86.384391     5.749    -3000.8     3387.1    -1941.1    382.4    361.5     76.1 2014  4 14  5 49 29.000  3.5   2
      255  12.253302  -86.374943    13.101    -1972.6     1836.5     5409.3    414.3    361.6    293.2 2014  4 14  5 54 58.000  2.5   2
      256  12.273432  -86.358667     5.747     -201.4     4063.3    -1943.5    386.3    358.6     84.4 2014  4 14  5 59 25.000  3.5   2
      257  12.223564  -86.402018    12.806    -4918.6    -1453.4     5115.0    410.5    351.6    309.2 2014  4 14  6  5 24.000  3.5   2
      258  12.235855  -86.386092     8.245    -3186.3      -93.7      553.1    385.8    359.5    388.4 2014  4 14  6 12 31.000  4.0   2
      259  12.267074  -86.366707    11.646    -1076.6     3359.9     3954.4    387.9    359.3    341.9 2014  4 14  6 20 56.000  3.5   2
      261  12.229979  -86.399723    16.398    -4668.7     -743.6     8706.5    410.8    362.3    237.9 2014  4 14  6 31  1.000  2.9   2
      262  12.212713  -86.402620    14.050    -4984.1    -2653.7     6358.9    553.9    577.7    722.6 2014  4 14  6 34 11.000  3.0   2
      263  12.253857  -86.377563     4.967    -2257.7     1897.9    -2724.9    384.7    359.1     76.3 2014  4 14  6 39  2.000  2.8   2
      265  12.254568  -86.369067     4.916    -1333.9     1976.5    -2775.4    385.9    357.1     77.9 2014  4 14  6 52 26.000  3.2   2
      267  12.258214  -86.375220     5.475    -2002.9     2379.8    -2216.2    384.7    359.5    665.7 2014  4 14  7 10  5.000  3.1   2
      270  12.247311  -86.375220     4.962    -2003.2     1173.7    -2730.0    385.6    358.0     76.9 2014  4 14  7 27 46.000  2.7   2
      271  12.265968  -86.366642     5.768    -1069.6     3237.5    -1922.1    385.5    358.3     79.4 2014  4 14  7 36 13.000  3.1   2
      273  12.194796  -86.360807     9.686     -435.0    -4635.8     1995.0    715.1   1009.5    891.4 2014  4 14  7 51 33.000  2.5   2
      279  12.246928  -86.367912    10.589    -1207.3     1131.3     2897.7    388.0    358.4    431.3 2014  4 14  8 49 18.000  2.7   2
      282  12.263460  -86.367700     5.753    -1184.7     2960.2    -1937.2    385.4    358.3     79.0 2014  4 14  9  5 18.000  3.3   2
      284  12.268295  -86.374447     5.896    -1919.1     3495.1    -1795.8    383.8    359.4     76.7 2014  4 14  9 23 45.000  3.0   2
      287  12.241180  -86.394279     2.760    -4076.5      495.5    -4931.4    390.4    487.7    642.8 2014  4 14 10 29 51.000  3.7   2
      291  12.277646  -86.395353     3.665    -4193.1     4529.4    -4025.7    383.3    370.1    109.3 2014  4 14 11 32  4.000  3.0   2
      292  12.234570  -86.432666    17.097    -8253.9     -235.8     9406.0    417.1    387.1    339.7 2014  4 14 11 36 40.000  3.3   2
      293  12.267518  -86.394279     5.706    -4076.8     3409.1    -1985.0    381.0    363.9     77.0 2014  4 14 11 54 22.000  3.0   2
      294  12.267082  -86.387052     2.275    -3290.3     3360.7    -5415.4    384.7    364.3    256.4 2014  4 14 12 36 25.000  3.8   2
      295  12.254028  -86.376253     5.804    -2115.2     1916.7    -1886.5    384.7    358.6     78.3 2014  4 14 12 44 18.000  2.7   2
      300  12.247946  -86.384904     4.886    -3056.2     1243.9    -2805.1    384.2    360.2     78.3 2014  4 14 13 50 15.000  3.2   2
      304  12.256758  -86.377507     5.493    -2252.0     2218.7    -2198.1    384.9    358.8     79.8 2014  4 14 15 54 21.000  3.6   2
      305  12.235969  -86.387939    10.337    -3387.3      -81.1     2645.3    390.4    362.9    322.7 2014  4 14 16 21 47.000  2.7   2
      306  12.264204  -86.406641     4.948    -5421.5     3042.4    -2743.7    379.8    366.2     80.2 2014  4 14 17  0 57.000  2.9   2
      310  12.260193  -86.393172     8.745    -3956.3     2598.6     1053.2    382.6    362.3    365.4 2014  4 14 18 14 22.000  3.7   2
      315  12.259246  -86.417171     2.850    -6567.6     2493.9    -4841.7    735.8   1001.3   1443.8 2014  4 14 19 50  6.000  3.3   2
      317  12.275728  -86.394946     5.726    -4149.2     4317.2    -1964.0    380.0    364.2     75.4 2014  4 14 20 51 29.000  3.3   2
      320  12.275570  -86.386011     4.925    -3177.0     4299.8    -2766.0    381.5    362.6     76.7 2014  4 14 21 40 33.000  3.4   2
      323  12.223133  -86.403678    14.000    -5099.8    -1501.0     6308.5    413.5    371.1    305.8 2014  4 14 22 19 29.000  2.9   2
      330  12.248644  -86.410042    12.307    -5791.8     1321.1     4615.5    403.2    353.9    250.0 2014  4 15  0 53 43.000  2.5   2
      341  12.263512  -86.412581    14.794    -6068.0     2965.9     7102.3    407.8    365.9    280.5 2014  4 15  4  0 46.000  2.7   2
      342  12.227852  -86.345003     5.830     1285.2     -979.0    -1860.0    393.9    356.4    102.0 2014  4 15  4 15 46.000  2.6   2
      343  12.215241  -86.347087     5.873     1057.9    -2373.9    -1817.3    395.1    357.9    103.5 2014  4 15  4 28  7.000  4.2   2
      348  12.216274  -86.336361     5.916     2225.2    -2259.7    -1774.5    397.2    355.6    101.7 2014  4 15  7  4  5.000  3.5   2
      360  12.255333  -86.387427     2.982    -3331.2     2061.2    -4709.4    384.5    360.8    232.7 2014  4 15 12  2  0.000  2.7   2
      362  12.267698  -86.373877     5.753    -1856.4     3428.9    -1937.4    384.0    359.8     77.7 2014  4 15 12 48 12.000  3.3   2
      398  12.215861  -86.367464     5.748    -1159.1    -2305.5    -1943.0    394.4    360.8    103.2 2014  4 16 22 44 53.000  2.8   2
      408  12.243322  -86.387264    14.519    -3313.4      732.4     6827.3    409.3    356.3    253.3 2014  4 17  4 34 41.000  2.5   2
      415  12.190918  -86.361328     5.924     -491.8    -5064.7    -1766.6    401.4    362.3    104.3 2014  4 17  9  7 38.000  2.5   2
      419  12.196842  -86.355143     5.908      181.9    -4409.3    -1782.7    400.8    360.1    104.5 2014  4 17 10 36 59.000  2.5   2
      429  12.216004  -86.367163     3.751    -1126.1    -2289.6    -3940.7    394.0    359.3    256.2 2014  4 17 22 32 17.000  3.7   2
      430  12.195174  -86.371175    15.148    -1562.8    -4593.9     7456.2    636.0    637.2    276.0 2014  4 17 22 35 49.000  2.8   2
      433  12.215749  -86.365853     4.691     -983.9    -2317.8    -3000.7    393.7    359.9    231.5 2014  4 17 23 42 21.000  2.5   2
      449  12.258625  -86.390397    15.057    -3654.0     2425.3     7365.5    409.1    361.1    256.1 2014  4 18 14  9 20.000  2.6   2
      658  12.255566  -86.394816     4.977    -4135.4     2086.9    -2714.1    381.9    362.3     75.7 2014  5  2  2 48 41.000  3.6   2
      738  12.257006  -86.385677     3.011    -3140.7     2246.1    -4680.1    383.4    360.7    268.4 2014  5 15  1 49 57.000  2.5   2
      837  12.268543  -86.405339     3.685    -5279.4     3522.5    -4006.9    379.3    365.4     78.3 2014  6  1 11 38 16.000  3.6   2
      974  12.243404  -86.386589     5.043    -3239.8      741.4    -2648.4    384.6    362.2     90.8 2014  6 26  7  0 32.000  2.5   2
