        1  12.363042  -86.463973     4.315     1003.4    -1807.4    -2365.3      0.0      0.0      0.0 2014  4 10 18 43 54.000  4.0   1
        5  12.410227  -86.541414     4.453    -7417.7     3412.5    -2227.2      0.0      0.1      0.0 2014  4 10 23 35  2.000  4.4   1
       12  12.362502  -86.475146     2.265     -211.6    -1867.2    -4414.6      0.0      0.1      0.0 2014  4 11  0  1 22.000  5.0   1
       13  12.348070  -86.523470     0.227    -5466.6    -3463.7    -6452.6      0.8      1.0      0.2 2014  4 11  0 12 13.000  3.6   1
       14  12.402127  -86.535938     2.298    -6821.8     2516.3    -4381.9      0.0      0.0      0.0 2014  4 11  0 28 46.000  5.0   1
       15  12.415725  -86.486556     4.487    -1452.5     4020.6    -2192.4      0.0      0.0      0.0 2014  4 11  0 39 46.000  3.9   1
       20  12.392906  -86.518384     5.408    -4913.1     1496.2    -1272.5      0.0      0.1      0.0 2014  4 11  1  4  8.000  3.3   1
       23  12.398628  -86.516398    10.426    -4697.5     2129.2     3745.9      0.3      0.4      0.6 2014  4 11  1 24 44.000  4.0   1
       27  12.354895  -86.455396    14.157     1936.0    -2708.7     7476.2      0.0      0.0      0.1 2014  4 11  1 49 37.000  2.7   1
       44  12.404687  -86.504736    15.152    -3429.6     2799.6     8471.1      0.0      0.0      0.0 2014  4 11  3 49 57.000  3.9   1
       45  12.417229  -86.529696     4.328    -6143.0     4187.1    -2352.6      0.0      0.1      0.0 2014  4 11  4  3 25.000  3.1   1
       47  12.421998  -86.519295     5.320    -5012.4     4714.6    -1360.6      0.1      0.1      0.0 2014  4 11  4 27 29.000  2.5   1
       50  12.428128  -86.500635    14.866    -2982.7     5392.7     8185.4      0.1      0.1      0.2 2014  4 11  5 23 41.000  3.8   1
       56  12.351213  -86.455851     2.344     1886.7    -3116.1    -4334.9      0.0      0.1      0.0 2014  4 11  6 44 11.000  3.2   1
       62  12.286823  -86.467391    11.563      632.2   -10239.2     4883.0      0.6      0.4      0.9 2014  4 11  7 44 58.000  3.0   1
       70  12.362036  -86.430827     1.038     4608.6    -1918.7    -5641.7      0.1      0.1      0.0 2014  4 11  9  6 43.000  4.3   1
       81  12.348187  -86.464095     2.171      990.6    -3450.7    -4508.4      0.1      0.1      0.0 2014  4 11 11  4 50.000  2.7   1
       86  12.393248  -86.509530     5.352    -3950.8     1534.1    -1328.8      0.0      0.1      0.0 2014  4 11 11 45 31.000  3.0   1
       88  12.324240  -86.501660     2.498    -3095.2    -6099.8    -4180.9      0.1      0.0      0.0 2014  4 11 12 20 41.000  2.9   1
       89  12.272678  -86.465584     3.296      828.8   -11803.9    -3383.9      0.0      0.0      0.0 2014  4 11 12 25 59.000  4.1   1
       91  12.431792  -86.473942     0.397      -80.7     5798.0    -6282.3      0.0      0.0      0.0 2014  4 11 12 52 31.000  3.0   1
       97  12.342259  -86.483464     3.556    -1116.3    -4106.6    -3124.4      0.0      0.1      0.0 2014  4 11 14 28  4.000  3.3   1
      104  12.417490  -86.510278     3.402    -4032.1     4215.8    -3278.1      0.0      0.1      0.0 2014  4 11 16 32 53.000  3.8   1
      109  12.361721  -86.485205     3.456    -1305.4    -1953.5    -3224.8      0.0      0.0      0.0 2014  4 11 18 17 18.000  4.4   1
      113  12.361776  -86.501017    16.428    -3024.6    -1947.6     9747.5      0.0      0.0      0.0 2014  4 11 19  3 38.000  3.8   1
      119  12.372229  -86.490837     4.534    -1917.4     -791.1    -2146.8      0.0      0.1      0.0 2014  4 11 20  5 15.000  3.7   1
      120  12.337870  -86.447852     1.043     2757.0    -4592.0    -5636.0      0.0      0.1      0.0 2014  4 11 20  8 43.000  3.2   1
      130  12.400110  -86.501872     4.525    -3117.9     2293.2    -2155.6      0.0      0.1      0.0 2014  4 11 22 40  1.000  2.7   1
      140  12.334452  -86.438200     1.177     3806.3    -4970.1    -5502.0      0.0      0.1      0.0 2014  4 12  3 29 21.000  3.7   1
      164  12.313899  -86.445312     3.516     3033.2    -7243.8    -3164.3      0.0      0.1      0.0 2014  4 12 13 39 29.000  3.4   1
      165  12.343809  -86.510441     2.535    -4049.8    -3935.0    -4144.9      0.1      0.1      0.1 2014  4 12 14 17 50.000  2.8   1
      171  12.376068  -86.529948     3.627    -6171.0     -366.4    -3053.5      0.1      0.1      0.0 2014  4 12 19 55 48.000  2.6   1
      179  12.396236  -86.523861    17.845    -5508.5     1864.7    11164.4      0.1      0.1      0.1 2014  4 13  1 29 46.000  2.6   1
      194  12.376082  -86.451839     4.279     2323.1     -364.9    -2401.5      0.1      0.1      0.1 2014  4 13  5 10 18.000  3.3   1
      195  12.367063  -86.461336     3.473     1290.5    -1362.6    -3207.1      0.0      0.0      0.0 2014  4 13  5 41  4.000  3.4   1
      196  12.365566  -86.471623     5.268      171.4    -1528.2    -1412.8      0.0      0.0      0.0 2014  4 13  5 54 36.000  3.6   1
      205  12.359250  -86.471501     2.270      184.5    -2226.9    -4409.6      0.0      0.1      0.0 2014  4 13  7 19 34.000  2.5   1
      210  12.426406  -86.527987     4.443    -5957.4     5202.2    -2237.3      0.1      0.1      0.0 2014  4 13  7 57 47.000  3.6   1
      218  12.363895  -86.511792     5.356    -4196.4    -1713.1    -1324.9      0.1      0.1      0.1 2014  4 13  9 54  4.000  2.7   1
      225  12.394367  -86.538631     5.356    -7115.5     1657.9    -1324.4      0.0      0.1      0.0 2014  4 13 14 46 27.000  3.6   1
      235  12.336248  -86.441235     4.474     3476.1    -4771.6    -2206.0      0.0      0.1      0.0 2014  4 13 23 40 11.000  3.6   1
      236  12.371864  -86.482406     5.261    -1000.7     -831.5    -1419.8      0.0      0.1      0.0 2014  4 13 23 50 20.000  3.5   1
      237  12.366383  -86.480981     4.173     -846.1    -1437.8    -2507.6      0.1      0.1      0.0 2014  4 14  0  4 51.000  3.4   1
      239  12.386200  -86.494922     1.762    -2362.4      754.4    -4917.3      0.2      0.2      0.1 2014  4 14  1 14 52.000  2.7   1
      240  12.323601  -86.494792    12.095    -2348.0    -6170.5     5415.0      0.0      0.1      0.1 2014  4 14  1 25 47.000  2.5   1
      272  12.435176  -86.526790     5.299    -5827.4     6172.3    -1381.2      0.0      0.1      0.0 2014  4 14  7 41 56.000  2.6   1
      276  12.339753  -86.484367     5.360    -1214.1    -4383.7    -1320.1      0.0      0.1      0.1 2014  4 14  8 32 35.000  2.6   1
      336  12.363025  -86.454614     4.285     2021.3    -1809.3    -2395.8      0.0      0.0      0.0 2014  4 15  3  2 30.000  2.6   1
      364  12.399592  -86.457284    18.532     1731.4     2236.0    11851.9      0.0      0.0      0.0 2014  4 15 13 14  9.000  2.5   1
      365  12.375819  -86.465885    18.652      795.5     -393.9    11971.2      0.1      0.1      0.0 2014  4 15 13 17 49.000  3.2   1
      369  12.325594  -86.509074    17.361    -3901.6    -5950.1    10680.1      0.0      0.0      0.0 2014  4 15 18  8 46.000  2.7   1
      370  12.415356  -86.517619     5.342    -4830.0     3979.9    -1338.0      0.1      0.1      0.0 2014  4 15 18 30 44.000  3.2   1
      371  12.424369  -86.526270     2.026    -5770.4     4976.9    -4653.3      0.0      0.0      0.0 2014  4 15 18 50  4.000  2.8   1
      374  12.385944  -86.484131    17.375    -1188.3      726.0    10695.6      0.1      0.1      0.1 2014  4 15 19 54 59.000  2.6   1
      379  12.294697  -86.490413     4.516    -1871.7    -9368.1    -2164.3      0.1      0.1      0.1 2014  4 16  4 22 45.000  2.5   1
      393  12.386723  -86.471525     2.305      182.0      812.3    -4374.6      0.0      0.0      0.0 2014  4 16 17  9  6.000  3.1   1
      422  12.363297  -86.462459     4.438     1168.2    -1779.3    -2242.7      0.0      0.0      0.0 2014  4 17 14 27 28.000  3.3   1
      423  12.383760  -86.454012     2.246     2086.5      484.4    -4433.8      0.1      0.1      0.0 2014  4 17 15 45  8.000  3.0   1
      434  12.363934  -86.493099     2.340    -2164.1    -1708.6    -4339.4      0.1      0.1      0.1 2014  4 18  0 19  5.000  3.9   1
      436  12.297380  -86.472445     2.382       82.6    -9071.3    -4297.3      0.1      0.1      0.1 2014  4 18  1 37 53.000  2.8   1
      446  12.344379  -86.472087     4.444      120.8    -3872.0    -2236.3      0.0      0.1      0.0 2014  4 18 12 21 58.000  4.4   1
      448  12.312249  -86.463167     4.513     1090.9    -7426.4    -2167.2      0.0      0.1      0.1 2014  4 18 12 32 51.000  3.0   1
      470  12.342363  -86.503947     1.311    -3344.0    -4095.0    -5368.4      0.1      0.1      0.0 2014  4 19 13 44 28.000  3.9   1
      479  12.325331  -86.499992    13.456    -2914.1    -5979.2     6775.1      0.0      0.0      0.1 2014  4 20  0 23  5.000  2.5   1
      480  12.432776  -86.509912    14.591    -3991.5     5906.8     7910.9      0.1      0.1      0.1 2014  4 20  0 27 38.000  2.6   1
      483  12.377038  -86.479525     5.273     -687.2     -259.2    -1407.3      0.0      0.0      0.0 2014  4 20  4 24  4.000  2.9   1
      489  12.405244  -86.528451     5.345    -6008.3     2861.1    -1335.4      0.0      0.1      0.0 2014  4 20 11 43 41.000  2.5   1
      492  12.393220  -86.510270     4.469    -4031.2     1531.0    -2211.8      0.0      0.1      0.0 2014  4 20 14 42 22.000  3.0   1
      493  12.379086  -86.472884    17.855       34.2      -32.5    11174.3      0.0      0.0      0.0 2014  4 20 19 51 43.000  2.9   1
      512  12.428582  -86.538867    17.123    -7140.3     5442.9    10442.4      0.0      0.0      0.1 2014  4 22  1 45 11.000  3.0   1
      513  12.359447  -86.498527    15.444    -2753.8    -2205.0     8763.3      0.1      0.1      0.1 2014  4 22  4 14 50.000  2.6   1
      533  12.335955  -86.491520     2.443    -1992.6    -4803.9    -4236.0      0.1      0.0      0.0 2014  4 22 11 30 24.000  2.8   1
      544  12.341857  -86.522762     2.636    -5390.3    -4151.0    -4043.3      0.1      0.1      0.1 2014  4 23  3 54 40.000  2.9   1
      545  12.374004  -86.531787     3.523    -6370.8     -594.7    -3157.9      0.0      0.1      0.0 2014  4 23  4  4 13.000  2.8   1
      547  12.447734  -86.517407    18.397    -4806.3     7561.5    11716.2      0.1      0.2      0.1 2014  4 23  4 49 10.000  2.5   1
      555  12.422507  -86.494271    14.176    -2291.5     4770.9     7495.2      0.0      0.1      0.1 2014  4 23 20  2 48.000  2.9   1
      560  12.372881  -86.474365     3.387     -126.9     -718.9    -3293.8      0.0      0.0      0.0 2014  4 24  3 35 53.000  3.3   1
      594  12.346054  -86.482837     2.347    -1048.1    -3686.6    -4332.1      0.1      0.1      0.1 2014  4 26  9 33  5.000  3.6   1
      597  12.386870  -86.485588    17.298    -1347.3      828.6    10617.9      0.1      0.1      0.0 2014  4 27  2  0 46.000  2.5   1
      599  12.349923  -86.486060     3.488    -1398.5    -3258.8    -3192.1      0.0      0.1      0.0 2014  4 27  2  6 25.000  3.2   1
      610  12.365736  -86.489860     4.599    -1811.6    -1509.4    -2081.6      0.2      0.2      0.2 2014  4 28 10  3 52.000  2.8   1
      620  12.295986  -86.513363    17.305    -4368.6    -9225.5    10624.7      0.0      0.0      0.0 2014  4 29  3 43 18.000  2.6   1
      627  12.389601  -86.525545     5.314    -5692.4     1130.6    -1366.2      0.0      0.1      0.0 2014  4 30  0 51 51.000  2.5   1
      631  12.331941  -86.472030     5.402      127.2    -5247.9    -1278.5      0.0      0.1      0.0 2014  4 30  8 15 49.000  2.6   1
      641  12.276038  -86.530672    15.739    -6250.9   -11432.2     9058.2      0.0      0.0      0.0 2014  5  1 13 23 51.000  2.5   1
      647  12.321595  -86.496680     2.332    -2553.3    -6392.5    -4346.9      0.0      0.1      0.1 2014  5  1 14 11  5.000  3.1   1
      648  12.403439  -86.539730     4.472    -7234.3     2661.6    -2208.5      0.0      0.1      0.0 2014  5  1 17 49 55.000  3.5   1
      663  12.392802  -86.536564     5.552    -6890.2     1484.7    -1128.7      0.1      0.1      0.1 2014  5  2  4 21 56.000  3.9   1
      736  12.323783  -86.451750     5.314     2333.1    -6150.4    -1365.9      0.0      0.1      0.0 2014  5 14 11 16 34.000  2.8   1
      775  12.408171  -86.474569    15.699     -148.7     3185.0     9018.8      0.1      0.1      0.1 2014  5 21 23  0 60.000  4.2   1
      793  12.373219  -86.520858     1.265    -5182.8     -681.6    -5414.1      0.1      0.0      0.0 2014  5 25 16 48 49.000  2.7   1
      794  12.380206  -86.498722    18.888    -2775.1       91.4    12207.5      0.1      0.1      0.0 2014  5 25 17 11 43.000  4.0   1
      796  12.373627  -86.532422     1.346    -6440.0     -636.5    -5333.8      0.1      0.1      0.0 2014  5 25 17 40  6.000  2.7   1
      799  12.418165  -86.562923     4.538    -9756.1     4290.5    -2142.4      0.1      0.2      0.0 2014  5 26  0  4 12.000  2.5   1
      853  12.376759  -86.485547    12.919    -1342.8     -290.0     6238.5      0.0      0.1      0.1 2014  6  3  5 10  0.000  2.5   1
      866  12.365488  -86.498755     5.357    -2778.7    -1536.9    -1323.9      0.0      0.1      0.0 2014  6  8  2 14 29.000  4.0   1
      881  12.355990  -86.520402     5.644    -5132.8    -2587.6    -1035.6      0.0      0.1      0.1 2014  6  9  2  3 11.000  3.4   1
      887  12.345120  -86.484001    12.244    -1174.1    -3790.0     5563.4      0.1      0.1      0.1 2014  6  9 12 49  1.000  3.5   1
      896  12.364488  -86.471794     5.213      153.2    -1647.5    -1467.3      0.1      0.1      0.0 2014  6 12 15 25 37.000  3.6   1
      928  12.353606  -86.496476    11.130    -2531.1    -2851.3     4449.9      0.1      0.1      0.1 2014  6 19  3 29 34.000  2.9   1
      937  12.309073  -86.493864    15.461    -2247.0    -7777.7     8781.0      0.0      0.0      0.0 2014  6 20 16 22  5.000  2.8   1
