        1  12.353837  -86.453198     3.742     1815.6      613.9    -3409.6   1456.6   1284.5    712.8 2014  4 10 18 43 54.000  4.0   1
        2  12.346191  -86.535531     5.152    -7139.5     -231.9    -1999.0   1980.2   1691.5    933.5 2014  4 10 18 46  2.000  1.9   1
        3  12.297653  -86.494491     2.148    -2676.3    -5601.4    -5002.9   1799.8   2329.8    674.4 2014  4 10 20 34 41.000  2.0   1
        4  12.272443  -86.512386     1.064    -4622.4    -8390.3    -6087.1   1000.3   1021.5    500.9 2014  4 10 23 27 41.000  6.2   1
        5  12.425328  -86.522965     3.503    -5771.4     8522.5    -3649.5   1569.1   1627.5    790.0 2014  4 10 23 35  2.000  4.4   1
        6  12.343695  -86.550496     2.817    -8766.5     -508.0    -4334.1   1432.0   1566.0    667.8 2014  4 10 23 37 25.000  3.8   1
       12  12.343626  -86.459489     2.181     1131.5     -515.8    -4970.5   1461.6   1516.0    673.9 2014  4 11  0  1 22.000  5.0   1
       13  12.345292  -86.447900     1.714     2391.4     -331.4    -5436.6   1892.3   1934.5   1014.9 2014  4 11  0 12 13.000  3.6   1
       14  12.379822  -86.522103     5.515    -5678.5     3488.4    -1635.7   1436.8   1381.0    767.6 2014  4 11  0 28 46.000  5.0   1
       15  12.390684  -86.471720     5.289     -198.8     4690.0    -1862.2   1403.2   1221.0    674.6 2014  4 11  0 39 46.000  3.9   1
       17  12.421800  -86.456763     5.027     1427.6     8132.2    -2123.9   1777.1   1896.2    851.2 2014  4 11  0 44 26.000  4.0   1
       19  12.396597  -86.608748     0.618   -15101.3     5344.2    -6533.5   1983.3   2316.5   1447.5 2014  4 11  0 54 59.000  2.7   1
       20  12.400765  -86.509953     4.101    -4357.2     5805.3    -3051.0   1383.9   1299.4    745.1 2014  4 11  1  4  8.000  3.3   1
       21  12.399834  -86.444539    25.229     2757.1     5702.2    18076.7   1692.1   2414.6   5201.6 2014  4 11  1 10 10.000  3.3   1
       22  12.299989  -86.392871     8.624     8377.3    -5343.1     1473.5   1703.4   1966.9   1749.8 2014  4 11  1 16 54.000  2.2   1
       23  12.327701  -86.565568    22.020   -10406.3    -2277.4    14867.9   2259.8   2144.0   1867.0 2014  4 11  1 24 44.000  4.0   1
       24  12.342111  -86.454663    13.145     1655.8     -683.2     5993.3   1431.5   1820.2   1819.4 2014  4 11  1 34 10.000  3.2   1
       25  12.450401  -86.551367     3.984    -8860.1    11296.2    -3166.8   1362.0   1769.9   1063.2 2014  4 11  1 38  1.000  3.9   1
       26  12.383957  -86.487858     4.869    -1954.3     3945.9    -2281.9   1442.5   1536.5    926.9 2014  4 11  1 46 17.000  3.2   1
       28  12.377922  -86.480811    19.269    -1187.5     3278.2    12117.1   1511.5   2027.3   4951.5 2014  4 11  1 57 56.000  2.4   1
       30  12.436221  -86.476400     1.921     -708.0     9727.5    -5229.9   1397.7   1378.4    611.3 2014  4 11  2 11 18.000  2.4   1
       31  12.403903  -86.481331     4.034    -1244.1     6152.3    -3117.1   1424.5   1651.8   1006.0 2014  4 11  2 19 57.000  2.7   1
       33  12.426480  -86.559058    16.694    -9696.7     8649.9     9542.0   1997.6   1555.7   2809.9 2014  4 11  2 26 20.000  2.9   1
       34  12.425671  -86.493831    78.612    -2603.2     8560.5    71460.1   1478.1   1660.0   5375.8 2014  4 11  2 37 54.000  2.9   1
       35  12.318496  -86.448674     6.272     2307.2    -3295.8     -879.2   1626.9   2593.6   1698.4 2014  4 11  2 48 43.000  1.4   1
       36  12.361049  -86.492660     7.744    -2476.2     1411.7      592.9   1414.7   2124.6   1306.1 2014  4 11  3  0 18.000  3.2   1
       38  12.367060  -86.501465     6.321    -3434.2     2076.7     -829.8   1391.5   1466.8    853.5 2014  4 11  3 11  1.000  3.4   1
       41  12.317674  -86.437467     6.091     3526.4    -3386.7    -1059.9   1478.6   1949.3   1269.9 2014  4 11  3 26 30.000  4.4   1
       42  12.283421  -86.468400     1.333      161.8    -7175.9    -5818.8   2888.0   2978.5   1459.7 2014  4 11  3 31 42.000  3.9   1
       44  12.405764  -86.485156    12.477    -1660.1     6358.2     5325.0   1384.6   1479.4   2205.2 2014  4 11  3 49 57.000  3.9   1
       45  12.428340  -86.499495     4.250    -3219.6     8855.6    -2901.8    961.2   1662.5   1188.5 2014  4 11  4  3 25.000  3.1   1
       46  12.526414  -86.405103    21.476     7043.8    19705.0    14324.0   2192.6   3246.8   4384.1 2014  4 11  4  8 25.000  2.2   1
       47  12.435473  -86.503190     4.359    -3620.8     9644.7    -2792.7   1370.2   1400.8    747.1 2014  4 11  4 27 29.000  2.5   1
       48  12.288047  -86.483423     3.414    -1472.2    -6664.1    -3736.7   2825.0   2834.3   1010.7 2014  4 11  4 35  9.000  3.1   1
       49  12.290415  -86.455892     3.019     1522.9    -6402.1    -4132.0   2850.9   2770.8   1021.5 2014  4 11  5 20 13.000  2.7   1
       50  12.361250  -86.539103    23.196    -7527.2     1433.9    16044.2   1984.8   3001.1   2237.7 2014  4 11  5 23 41.000  3.8   1
       51  12.230151  -86.501229     0.900    -3409.3   -13068.7    -6252.2   3134.9   3197.1   1114.2 2014  4 11  5 29 38.000  2.7   1
       53  12.290812  -86.455672     3.445     1546.2    -6358.2    -3706.1   2844.6   2779.8   1009.7 2014  4 11  5 43 21.000  3.0   1
       54  11.430330  -86.901245   185.007   -46994.7  -101548.3   177855.3   7294.8  10072.0  13784.0 2014  4 11  6  2 21.000  2.2   1
       56  12.318831  -86.425366     2.948     4842.6    -3258.6    -4203.0   1479.2   1710.9    774.5 2014  4 11  6 44 11.000  3.2   1
       57  12.406412  -86.504329     8.585    -3745.6     6429.9     1434.3   1399.3   1470.3   2434.4 2014  4 11  7  0 15.000  2.4   1
       60  12.389011  -86.514583     8.274    -4860.2     4505.0     1122.6   1407.8   1315.9   2336.1 2014  4 11  7 23 17.000  3.8   1
       62  12.490476  -86.394084    42.095     8242.3    15729.5    34943.2   4966.1   6271.4   3386.0 2014  4 11  7 44 58.000  3.0   1
       63  12.358713  -86.414950    13.660     5975.5     1153.2     6507.9   7433.4   9952.3  15374.6 2014  4 11  7 49  2.000  3.0   1
       65  12.319840  -86.407357    11.688     6801.5    -3146.9     4535.7   1094.9   1307.7   1856.9 2014  4 11  8 12  6.000  2.4   1
       66  12.258550  -86.477799     2.733     -860.8    -9927.2    -4417.8   1766.6   2330.4    953.5 2014  4 11  8 42 43.000  1.6   1
       67  12.378498  -86.379167    14.489     9866.8     3342.0     7337.1    577.8    810.4   1390.7 2014  4 11  8 55 38.000  2.8   1
       69  12.305585  -86.401994    20.449     7385.1    -4724.0    13296.7   1912.4   2284.0   4652.1 2014  4 11  9  1  7.000  2.7   1
       70  12.375252  -86.397046     0.899     7922.4     2982.9    -6252.4   1092.6   1806.7    500.2 2014  4 11  9  6 43.000  4.3   1
       71  12.349312  -86.435799    14.783     3708.1      113.3     7631.3   1032.7   1279.7   1942.3 2014  4 11  9 11  1.000  3.3   1
       73  12.323567  -86.360335    11.334    11915.6    -2734.7     4182.8   2769.1   2407.6   2619.1 2014  4 11  9 27 22.000  2.5   1
       74  12.399050  -86.431673     5.575     4156.2     5615.5    -1576.3   2112.4   2577.5   1163.8 2014  4 11  9 30 48.000  2.1   1
       75  12.342939  -86.434847    15.359     3811.2     -591.7     8206.5   1508.0   1890.0   5140.3 2014  4 11  9 34 44.000  2.9   1
       76  12.320733  -86.441423    86.623     3095.9    -3048.3    79470.9   1537.4   1842.7   6453.1 2014  4 11  9 47 33.000  4.3   1
       77  12.302621  -86.506421     3.516    -3973.9    -5051.8    -3635.0   1385.8   2535.8   2411.8 2014  4 11 10 11 53.000  2.9   1
       78  12.411546  -86.486971     3.991    -1858.0     6997.8    -3159.7   1415.9   1677.0   1035.3 2014  4 11 10 25 20.000  2.2   1
       79  12.450991  -86.551449     5.751    -8869.0    11361.4    -1400.8   1423.2   2461.1   1386.8 2014  4 11 10 33  7.000  2.3   1
       80  12.397052  -86.462777     4.035      773.5     5394.5    -3116.0   1435.3   1506.0    880.2 2014  4 11 10 52 20.000  2.8   1
       81  12.350733  -86.440015     2.045     3249.6      270.5    -5105.8   1431.1    570.2    473.1 2014  4 11 11  4 50.000  2.7   1
       83  12.429644  -86.459823     1.987     1094.9     8999.9    -5163.9    795.2   1133.1    621.3 2014  4 11 11 28 28.000  2.0   1
       84  12.468833  -86.516073     0.129    -5021.9    13335.3    -7023.2   1385.2   1696.7   1032.3 2014  4 11 11 30 57.000  1.9   1
       85  12.384826  -86.450448    25.220     2114.4     4041.9    18067.7   1538.2   2028.0   2464.8 2014  4 11 11 35 27.000  3.1   1
       86  12.386843  -86.503809     4.350    -3689.0     4265.1    -2802.3   1403.0   1305.5    722.5 2014  4 11 11 45 31.000  3.0   1
       87  12.367290  -86.622550     2.483   -16603.1     2102.1    -4668.4   1929.1   2059.6   1010.6 2014  4 11 12 13 25.000  2.4   1
       88  12.341109  -86.477555     1.755     -834.2     -794.2    -5395.6   1442.6   1311.6    570.7 2014  4 11 12 20 41.000  2.9   1
       91  12.393393  -86.462183     1.028      838.0     4989.7    -6123.5    878.6   1111.2    489.2 2014  4 11 12 52 31.000  3.0   1
       92  12.356720  -86.467033     2.414      310.6      932.8    -4738.4   1753.2   1080.2   4247.0 2014  4 11 13  7 50.000  1.8   1
       93  12.331006  -86.530924     1.024    -6638.0    -1911.8    -6126.8    863.1    910.1    437.7 2014  4 11 13 18 29.000  2.9   1
       94  12.871941  -86.151481    66.852    34595.8    57928.7    59700.4   6296.2   8014.2   6959.8 2014  4 11 13 33 43.000  2.4   1
       95  12.352876  -86.425993     5.963     4774.0      507.6    -1189.2   1751.6   1839.1   1893.6 2014  4 11 14  4  4.000  2.4   1
       96  12.188690  -86.502474     6.597    -3545.1   -17655.4     -555.4   2853.6   3038.9   1447.3 2014  4 11 14 10 36.000  2.6   1
       97  12.345050  -86.469507     2.553       41.5     -358.2    -4599.0   1454.7   1319.2    757.6 2014  4 11 14 28  4.000  3.3   1
       98  12.299559  -86.457845    40.640     1309.7    -5390.6    33488.1   1602.3   2161.0   3225.5 2014  4 11 14 39 13.000  4.6   1
       99  12.204580  -86.435539    30.389     3736.7   -15897.7    23236.6   2304.0   2675.6   4378.8 2014  4 11 14 52 41.000  3.3   1
      100  12.393526  -86.513997     1.716    -4796.7     5004.4    -5435.5   1418.0   2499.4   1722.1 2014  4 11 15 17 53.000  2.3   1
      101  12.409509  -86.528857     8.723    -6413.1     6772.6     1571.2   1555.5   1485.1   3659.1 2014  4 11 15 23 19.000  2.2   1
      103  12.245137  -86.384717     8.966     9265.3   -11411.0     1813.6   2294.6   2987.1   2560.2 2014  4 11 16  5 44.000  3.3   1
      104  12.455387  -86.505876     0.691    -3912.8    11847.8    -6460.9   1394.1   1977.1   1211.8 2014  4 11 16 32 53.000  3.8   1
      105  12.225788  -86.562313     5.760   -10054.0   -13551.4    -1392.3   3034.0   3434.0    989.4 2014  4 11 16 42 25.000  2.0   1
      106  12.369177  -86.477653     5.724     -844.4     2310.9    -1427.0   1435.5   1435.5    863.5 2014  4 11 17  7 42.000  3.5   1
      107  12.457111  -86.627848     4.847   -17176.4    12038.4    -2304.5    915.1   1060.0    949.7 2014  4 11 17 16 14.000  1.8   1
      109  12.369134  -86.476131     2.043     -679.0     2306.0    -5109.1   1450.2   1383.6    759.2 2014  4 11 18 17 18.000  4.4   1
      111  12.371554  -86.430778     8.333     4253.4     2573.7     1180.6    801.8   1141.7   2250.1 2014  4 11 18 38 58.000  2.2   1
      113  12.414028  -86.473755    18.135     -420.5     7272.4    10982.9   1417.8   1495.8   4477.7 2014  4 11 19  3 38.000  3.8   1
      114  12.395713  -86.451440     5.463     2006.6     5246.4    -1688.3   1799.0   1940.1    771.6 2014  4 11 19  5 24.000  3.3   1
      119  12.374803  -86.474919     3.789     -547.4     2933.2    -3363.4   1403.0   1329.1    814.1 2014  4 11 20  5 15.000  3.7   1
      120  12.317064  -86.426139     1.003     4758.2    -3454.1    -6148.0   1212.6   1899.3    537.0 2014  4 11 20  8 43.000  3.2   1
      121  12.290209  -86.417529    29.635     5695.4    -6424.9    22483.1   2124.3   2181.6  11006.4 2014  4 11 19 99 33.000  3.0   1
      126  12.241497  -86.343433     1.659    13756.5   -11813.7    -5493.5   1752.1   1314.6   1409.5 2014  4 11 21 51 32.000  3.7   1
      127  12.441458  -86.527979    16.530    -6317.0    10306.9     9377.6   1396.2   1117.2   1961.8 2014  4 11 22 10 31.000  1.9   1
      128  12.397570  -86.492871     1.762    -2499.1     5451.8    -5389.0   2041.8   2705.0    697.9 2014  4 11 22 23 40.000  1.4   1
      129  12.493441  -86.587451     1.968   -12783.0    16057.4    -5183.3   1415.1   1297.4    547.3 2014  4 11 22 35 36.000  1.9   1
      130  12.361304  -86.483773     5.383    -1510.2     1439.9    -1769.0   1412.2   2030.3   1270.2 2014  4 11 22 40  1.000  2.7   1
      131  12.393466  -86.522746    18.240    -5747.9     4997.8    11087.8   1397.4   1531.5   2489.4 2014  4 11 23 34 26.000  2.4   1
      132  12.213764  -86.441211    24.797     3119.6   -14881.5    17644.8   2503.9   2839.7   3988.3 2014  4 12  0  8 11.000  4.1   1
      134  12.225772  -86.482170     5.734    -1335.9   -13553.3    -1416.8   2890.9   2861.3   1603.3 2014  4 12  0 21 37.000  4.0   1
      136  12.427608  -86.512687    13.911    -4653.7     8774.8     6758.6   1406.2   1492.3   4570.8 2014  4 12  2 30 43.000  2.8   1
      139  12.383879  -86.443083     2.689     2915.8     3937.2    -4462.8    745.1   1156.3    691.4 2014  4 12  3 20 25.000  2.0   1
      140  12.290176  -86.444474     1.037     2764.6    -6428.5    -6113.8   2599.5   3609.4   1301.5 2014  4 12  3 29 21.000  3.7   1
      142  12.353916  -86.484920     1.885    -1634.8      622.6    -5266.2   1514.4   2198.7    999.4 2014  4 12  5  3 37.000  2.2   1
      143  12.381979  -86.498535     3.530    -3115.2     3727.1    -3622.0   1543.4   1473.2    850.6 2014  4 12  5 25 52.000  1.8   1
      146  12.276934  -86.498112     2.506    -3070.2    -7893.4    -4646.4   2829.6   2834.3   1027.3 2014  4 12  6 11 10.000  2.3   1
      147  12.458206  -86.571305     2.851   -11027.7    12159.6    -4300.7   1366.0    744.5    717.5 2014  4 12  6 25 25.000  1.9   1
      149  12.395171  -86.506364     3.043    -3967.0     5186.5    -4108.5   1446.3   2085.9   1355.8 2014  4 12  7  4 47.000  1.6   1
      151  12.381968  -86.489079     3.446    -2087.3     3725.8    -3706.0   1454.9   1692.9   1025.4 2014  4 12  7 59  5.000  1.1   1
      153  12.291569  -86.465796     2.245      445.0    -6274.4    -4906.6   2830.5   2835.2   1126.3 2014  4 12  9 31 58.000  2.1   1
      154  12.325839  -86.442611     6.739     2967.0    -2483.3     -411.7   1465.2   1729.5   1085.4 2014  4 12  9 41 18.000  2.6   1
      155  12.304220  -86.504207    36.608    -3733.0    -4875.0    29456.2   2866.1   3067.9   5568.7 2014  4 12 10  2  9.000  3.2   1
      157  12.287781  -86.457145     1.897     1386.6    -6693.6    -5255.2   2846.6   2798.5   1041.7 2014  4 12 10 23 13.000  2.7   1
      160  12.314227  -86.468481     3.960      153.2    -3767.9    -3191.4   2420.3   2569.6   1642.5 2014  4 12 11 57 33.000  1.8   1
      161  12.311924  -86.548169     5.728    -8514.4    -4022.7    -1423.2   1606.7   2268.5   1691.4 2014  4 12 12 16 16.000  1.8   1
      162  12.448256  -86.495256     2.777    -2758.4    11058.9    -4374.7   1399.5   1433.2    875.3 2014  4 12 12 58  7.000  3.0   1
      163  12.420694  -86.511483     2.549    -4522.7     8009.9    -4603.2   1411.0   1509.1   3076.0 2014  4 12 13 29 19.000  1.9   1
      165  12.352176  -86.512565     1.176    -4641.8      430.1    -5975.5   2298.8   2329.9    873.8 2014  4 12 14 17 50.000  2.8   1
      166  12.431580  -86.537801     0.961    -7384.9     9214.1    -6189.9   1439.0   1966.0    874.5 2014  4 12 14 49 26.000  1.7   1
      167  12.268431  -86.576668    22.131   -11615.4    -8834.2    14979.3   1483.7   2618.5   1585.6 2014  4 12 17 21 14.000  3.2   1
      168  12.401193  -86.536662     5.734    -7261.1     5852.6    -1418.0   1381.0   1496.1   2790.8 2014  4 12 17 54  5.000  2.6   1
      169  12.419265  -86.552572     4.560    -8991.8     7851.7    -2592.0   1374.1   1814.7   1098.2 2014  4 12 18 16  2.000  2.2   1
      170  12.310151  -86.479622     8.206    -1058.4    -4218.8     1054.6   1445.3   2205.3   1390.6 2014  4 12 18 57 42.000  2.3   1
      171  12.404309  -86.509920     1.977    -4353.3     6197.3    -5174.9   1409.6   1361.4    760.4 2014  4 12 19 55 48.000  2.6   1
      172  12.366258  -86.487646     5.709    -1931.6     1987.8    -1441.5    779.2    982.8    821.4 2014  4 12 19 99  3.000  3.0   1
      174  12.360297  -86.567985    11.345   -10668.8     1328.5     4193.4   1645.8   2034.8   2277.0 2014  4 12 21 28 59.000  1.2   1
      176  12.387849  -86.535612     5.861    -7147.6     4376.4    -1290.8   2229.5   3100.3   1952.3 2014  4 12 22 25 25.000  1.2   1
      177  12.174884  -86.457381    10.161     1361.1   -19182.7     3009.2   1487.3   2729.0   1797.7 2014  4 13  0 27 10.000  2.1   1
      178  12.258176  -86.455884     4.329     1523.8    -9968.6    -2822.7   2815.2   3081.6   1172.4 2014  4 13  1 20  6.000  4.3   1
      179  12.252055  -86.598714    17.295   -14013.4   -10645.8    10142.6   2193.4   2667.9   1766.9 2014  4 13  1 29 46.000  2.6   1
      180  12.276162  -86.488778     3.551    -2054.2    -7978.9    -3600.5   2832.0   4258.7   2609.4 2014  4 13  1 35 57.000  2.1   1
      181  12.320605  -86.616284    22.430   -15923.1    -3062.4    15278.1   2167.8   2288.4   2465.6 2014  4 13  1 59 11.000  2.3   1
      183  12.277643  -86.498250     2.842    -3085.3    -7815.1    -4308.9   2840.7   2868.2   1048.1 2014  4 13  2  7 37.000  3.4   1
      184  12.400138  -86.541040    19.546    -7738.1     5735.9    12393.6   1749.8   2280.5   4782.2 2014  4 13  2 18 34.000  1.7   1
      187  12.425900  -86.592928     2.914   -13379.5     8585.8    -4237.4   1958.7   2157.1   1845.6 2014  4 13  3 12 12.000  2.0   1
      189  12.450532  -86.302059    39.387    18249.4    11310.7    32235.0   4802.9   4004.5   8342.6 2014  4 13  3 27 22.000  2.4   1
      190  12.369860  -86.525773    15.469    -6078.1     2386.4     8316.5   1939.1   1880.1   2793.2 2014  4 13  3 49 30.000  2.3   1
      191  12.400752  -86.530851     3.753    -6629.6     5803.7    -3399.3   1322.7   1877.5    826.6 2014  4 13  4 18 53.000  1.4   1
      192  12.387388  -86.434375    12.968     3861.8     4325.4     5816.2   1080.7   1415.6   2232.0 2014  4 13  4 21 32.000  1.8   1
      193  12.370878  -86.507796    13.642    -4122.8     2499.1     6490.4   1454.6    991.9   6033.4 2014  4 13  4 59  0.000  1.6   1
      194  12.428972  -86.449845     0.949     2179.8     8925.7    -6203.1   1460.1   1992.7   1270.1 2014  4 13  5 10 18.000  3.3   1
      196  12.362523  -86.458211     4.612     1269.7     1574.7    -2540.0   1420.9   1185.2    661.1 2014  4 13  5 54 36.000  3.6   1
      197  12.355698  -86.559676     5.648    -9765.5      819.7    -1503.4   1216.7   1293.8   1183.7 2014  4 13  6  5 48.000  1.4   1
      198  12.371189  -86.462956    11.521      754.1     2533.5     4368.5   2584.7   2699.4   4245.6 2014  4 13  6 14 59.000  2.2   1
      200  12.255383  -86.511174    30.006    -4490.6   -10277.5    22854.1   2704.3   1993.5   3749.3 2014  4 13  6 17 59.000  1.6   1
      202  12.408218  -86.516243     6.172    -5040.7     6629.7     -979.0   1396.2   1385.6    797.1 2014  4 13  6 45 37.000  1.8   1
      203  12.358717  -86.488721     5.270    -2048.3     1153.7    -1881.5   1422.5   1248.6    711.2 2014  4 13  6 53 29.000  1.9   1
      204  12.357537  -86.475871     1.612     -650.2     1023.2    -5540.3   2431.5   2863.8   1580.8 2014  4 13  7  0 40.000  2.1   1
      205  12.417785  -86.459359     0.581     1144.8     7688.1    -6570.1   1479.2   2338.4   1082.8 2014  4 13  7 19 34.000  2.5   1
      208  12.271384  -86.607227     2.214   -14939.3    -8507.4    -4937.5   2192.1   2367.5    665.1 2014  4 13  7 43 16.000  1.2   1
      210  12.436008  -86.511743     3.629    -4551.4     9703.9    -3523.3   1363.0   1222.5    730.6 2014  4 13  7 57 47.000  3.6   1
      211  12.402234  -86.474504     3.809     -501.5     5967.7    -3342.3   1422.3   1445.4    813.4 2014  4 13  8 20 56.000  2.1   1
      213  12.340389  -86.529606     2.021    -6494.9     -873.9    -5129.9    754.8    756.5    523.3 2014  4 13  8 30 11.000  2.4   1
      214  12.412456  -86.486922     3.872    -1852.4     7098.5    -3279.2   1598.5   1556.6    916.2 2014  4 13  8 32 35.000  2.4   1
      218  12.397246  -86.489648     3.635    -2149.0     5416.0    -3517.3   1413.2   1374.0    794.4 2014  4 13  9 54  4.000  2.7   1
      220  12.350787  -86.458659     5.664     1221.2      276.5    -1487.2   1434.2   1238.1    719.7 2014  4 13 10 29 34.000  2.4   1
      221  12.178997  -86.425749     8.093     4802.4   -18727.7      941.4   2220.4   2733.2   1597.7 2014  4 13 10 52  2.000  1.7   1
      222  12.346314  -86.499772     3.059    -3250.3     -218.3    -4091.6   1856.8   2023.0    930.6 2014  4 13 12 10 24.000  2.2   1
      224  12.384215  -86.506812     5.524    -4015.1     3974.4    -1626.7   1401.7   1474.9    829.9 2014  4 13 13 50 42.000  2.6   1
      225  12.388552  -86.529818     4.584    -6517.4     4454.2    -2568.0   1373.5   1285.8    746.5 2014  4 13 14 46 27.000  3.6   1
      226  12.417974  -86.521379     3.332    -5599.6     7709.0    -3819.6   1388.8   1681.2   1018.6 2014  4 13 14 51 52.000  2.4   1
      229  12.399061  -86.577922    11.918   -11748.8     5616.8     4766.2   2776.2   2730.7   1963.9 2014  4 13 17 54 30.000  1.8   1
      230  12.316922  -86.474870     0.525     -541.5    -3469.8    -6627.0   2828.9   3582.2   2138.0 2014  4 13 18 26 50.000  1.6   1
      231  12.263224  -86.558822    86.337    -9673.8    -9410.1    79184.9   3363.2   3374.7  14442.4 2014  4 13 18 55  2.000  2.2   1
      234  12.289222  -86.292546    22.824    19290.4    -6534.1    15672.8   5010.8   3723.7   4471.1 2014  4 13 23 36 50.000  3.1   1
      235  12.337042  -86.423641     3.958     5029.8    -1244.0    -3193.7   1478.3   1262.6    734.4 2014  4 13 23 40 11.000  3.6   1
      237  12.307114  -86.456445     6.126     1461.9    -4554.9    -1026.2   1618.9   1886.9   1196.7 2014  4 14  0  4 51.000  3.4   1
      239  12.367308  -86.478654     5.563     -953.2     2104.1    -1587.9   1406.7   1212.6    677.3 2014  4 14  1 14 52.000  2.7   1
      240  12.272532  -86.622371    14.467   -16586.2    -8380.4     7314.6   3394.2   3008.5   2688.7 2014  4 14  1 25 47.000  2.5   1
      241  12.337338  -86.494417    24.331    -2667.9    -1211.3    17178.9    996.2   2020.8   2004.4 2014  4 14  3 21 23.000  1.5   1
      244  12.423650  -86.502938     4.875    -3593.6     8336.8    -2275.5   1384.6   1576.4    941.6 2014  4 14  4  5 43.000  2.1   1
      245  12.275760  -86.491227     2.588    -2321.1    -8023.4    -4562.8   2897.0   2838.1   1043.3 2014  4 14  4 12 24.000  4.4   1
      248  12.195643  -86.448071     6.127     2373.8   -16886.2    -1024.5   2905.2   3131.1   1569.5 2014  4 14  5  7  3.000  5.6   1
      249  12.261477  -86.470752     1.894      -93.5    -9603.5    -5257.7   2860.2   2803.6   1017.0 2014  4 14  5 11  6.000  3.1   1
      250  12.277368  -86.452743     3.819     1865.2    -7845.4    -3332.1   2839.6   2850.6   1022.5 2014  4 14  5 17  7.000  2.9   1
      251  12.190609  -86.502433    64.960    -3540.6   -17443.1    57807.7   3008.4   3076.8   7319.3 2014  4 14  5 25 27.000  3.1   1
      252  12.264091  -86.463501     3.218      694.6    -9314.2    -3934.3   2852.0   2804.0   1019.6 2014  4 14  5 39 43.000  3.0   1
      253  12.276020  -86.466911     1.080      324.0    -7994.6    -6071.2   2843.1   2842.5    789.1 2014  4 14  5 43 53.000  4.6   1
      254  12.282848  -86.475114     3.295     -568.0    -7239.2    -3855.8   2842.9   2808.2   1007.6 2014  4 14  5 49 29.000  3.5   1
      255  12.239738  -86.340446    11.971    14081.1   -12008.2     4819.0   1118.7    858.8   1046.3 2014  4 14  5 54 58.000  2.5   1
      257  12.211372  -86.370760    11.553    10783.7   -15146.3     4400.6    623.8    810.7   1611.2 2014  4 14  6  5 24.000  3.5   1
      261  12.220013  -86.360335    15.880    11918.4   -14190.2     8728.0    881.2    973.1    993.5 2014  4 14  6 31  1.000  2.9   1
      262  12.188688  -86.368766    15.681    11001.5   -17655.6     8529.2   1035.9   1076.2   2331.6 2014  4 14  6 34 11.000  3.0   1
      263  12.192213  -86.456763     6.337     1427.7   -17265.7     -815.0   2864.1   3091.0   1459.3 2014  4 14  6 39  2.000  2.8   1
      268  12.431158  -86.505509     5.550    -3873.4     9167.5    -1600.9   1378.1   1323.4   1634.3 2014  4 14  7 16  3.000  4.2   1
      269  12.066382  -86.438940    10.734     3367.6   -31185.7     3583.3   2763.9   3647.7   1806.0 2014  4 14  7 24  9.000  2.0   1
      270  12.259222  -86.461076     2.772      958.4    -9852.8    -4380.3   2915.9   2503.1   1559.2 2014  4 14  7 27 46.000  2.7   1
      271  12.138738  -86.430648    10.738     4269.7   -23181.3     3587.4   2892.3   3468.6   2074.4 2014  4 14  7 36 13.000  3.1   1
      272  12.507410  -86.531340     1.135    -6681.1    17602.7    -6017.2   1409.4   2533.0   1497.2 2014  4 14  7 41 56.000  2.6   1
      273  12.191536  -86.351383    17.194    12892.4   -17340.6    10042.4   1097.6   1164.7   1245.7 2014  4 14  7 51 33.000  2.5   1
      274  12.198292  -86.358496    14.948    12119.0   -16593.2     7795.5    830.8    891.6   1996.5 2014  4 14  7 56 18.000  2.2   1
      276  12.345336  -86.469808     4.384        8.8     -326.6    -2767.5   1461.7   1741.3   1077.2 2014  4 14  8 32 35.000  2.6   1
      277  12.250876  -86.396183     1.760     8018.2   -10776.1    -5390.9   1735.9   1901.0    897.6 2014  4 14  8 44 26.000  1.3   1
      279  12.169289  -86.442961    30.761     2929.4   -19801.5    23608.8   2874.6   2973.9   7332.4 2014  4 14  8 49 18.000  2.7   1
      281  12.220390  -86.627116   246.262   -17104.4   -14148.6   239110.2   4377.4   2389.4  13061.1 2014  4 14  8 59 33.000  2.3   1
      282  11.942591  -86.389315    21.491     8770.1   -44879.9    14339.9   3092.2   4840.6   3372.6 2014  4 14  9  5 18.000  3.3   1
      286  12.383142  -86.490788     5.333    -2272.4     3855.7    -1818.5   1423.1   1306.1    724.0 2014  4 14 10 14 24.000  2.8   1
      287  12.263443  -86.488086    39.436    -1979.6    -9385.9    32283.7   2886.4   3195.6   6808.8 2014  4 14 10 29 51.000  3.7   1
      289  12.229581  -86.359294    14.020    12030.9   -13131.9     6868.3    697.9    703.2    965.7 2014  4 14 10 52 13.000  2.4   1
      291  12.287880  -86.471965     1.188     -225.5    -6682.5    -5962.6   2831.3   2908.3   1040.7 2014  4 14 11 32  4.000  3.0   1
      292  12.230495  -86.390495    16.070     8637.3   -13030.7     8918.4    971.7   1055.5   1114.0 2014  4 14 11 36 40.000  3.3   1
      294  12.034306  -86.528215     4.789    -6347.5   -34734.0    -2361.6   4572.8   5346.6   1749.0 2014  4 14 12 36 25.000  3.8   1
      295  12.259628  -86.468001     3.519      205.5    -9807.9    -3632.2   2867.1   2802.0   1041.0 2014  4 14 12 44 18.000  2.7   1
      296  12.396605  -86.473576     5.184     -401.0     5345.1    -1967.4   1476.6   2231.5    875.4 2014  4 14 12 53 33.000  1.9   1
      298  11.652196  -86.826489    12.203   -38834.3   -77004.6     5051.4   7737.3   8838.3   2890.0 2014  4 14 13 13 42.000  1.7   1
      300  12.261124  -86.470426     2.780      -58.6    -9642.5    -4372.1   2847.6   2845.5   1001.0 2014  4 14 13 50 15.000  3.2   1
      301  12.161124  -86.462256     8.454      830.9   -20704.9     1302.7   3101.2   3121.9   1808.6 2014  4 14 13 54 31.000  1.8   1
      303  12.327132  -86.517912     6.401    -5223.0    -2340.3     -751.1   1438.3   1525.4    901.3 2014  4 14 15 26 11.000  1.9   1
      306  12.028924  -86.419377    17.802     5497.0   -35329.5    10650.1   4541.8   4288.6   4161.0 2014  4 14 17  0 57.000  2.9   1
      307  12.178759  -86.507340     6.601    -4074.1   -18754.0     -550.8   2822.4   2907.3   1518.0 2014  4 14 17  5 27.000  1.8   1
      308  12.417522  -86.479842     1.170    -1082.7     7658.9    -5980.6   1490.6   2428.5   1104.1 2014  4 14 17 32 23.000  2.0   1
      309  11.986903  -86.571257     8.483   -11032.1   -39977.9     1330.6   4927.9   6523.1   2000.0 2014  4 14 17 44 32.000  2.2   1
      312  12.156544  -86.510645     7.086    -4434.6   -21211.5      -66.3   2634.6   2780.4   1131.7 2014  4 14 18 49 31.000  1.7   1
      314  12.295232  -86.539201    25.803    -7539.1    -5869.2    18650.9   1656.6   2146.9   3563.4 2014  4 14 19 14 35.000  2.1   1
      317  12.247833  -86.478662     5.472     -954.1   -11112.7    -1679.0   2822.0   2856.8   1355.0 2014  4 14 20 51 29.000  3.3   1
      319  12.345169  -86.511125     9.148    -4484.4     -345.0     1997.0   1470.4   3608.4   2243.9 2014  4 14 21 23 15.000  1.9   1
      321  12.322131  -86.391276     7.558     8550.4    -2893.6      406.4   1627.3   2016.6   1710.9 2014  4 14 21 46 27.000  2.2   1
      322  12.243761  -86.390356     1.587     8651.4   -11563.2    -5563.7   5329.7   5806.0   2746.8 2014  4 14 21 51 45.000  1.7   1
      324  12.214603  -86.440454     9.252     3202.1   -14788.8     2101.4   2076.0   2509.7   1732.4 2014  4 14 23 16 11.000  1.5   1
      328  12.158650  -86.471623     7.360     -188.7   -20978.6      207.9   2174.9   2447.4   1590.0 2014  4 15  0 34 44.000  1.6   1
      332  12.269790  -86.528735     2.836    -6401.1    -8683.8    -4316.4   1991.6   2389.8   1180.6 2014  4 15  1 12 47.000  1.3   1
      333  12.328709  -86.517822     4.766    -5213.1    -2165.9    -2386.2   1835.3   2085.0   1120.6 2014  4 15  2  7 33.000  2.0   1
      334  12.235137  -86.373568     4.172    10478.0   -12517.2    -2978.8   1881.2   2521.5   1326.7 2014  4 15  2 15 48.000  1.9   1
      337  12.323004  -86.529989    20.534    -6537.2    -2797.0    13382.2   2103.9   2446.7   2685.3 2014  4 15  3 14 40.000  2.3   1
      338  12.214886  -86.471965     5.858     -225.4   -14757.5    -1293.0   2742.7   1624.4   1544.4 2014  4 15  3 24 11.000  1.4   1
      339  12.371545  -86.450602     5.168     2097.7     2572.8    -1983.3   1445.5   1266.5    672.2 2014  4 15  3 41 44.000  3.3   1
      340  12.307385  -86.566553    29.106   -10514.1    -4524.8    21953.6   2098.6   2349.4   2301.8 2014  4 15  3 47 26.000  1.8   1
      342  12.163735  -86.390381     9.371     8650.5   -20416.0     2220.1   2390.1   2902.4   1738.7 2014  4 15  4 15 46.000  2.6   1
      343  12.153901  -86.432601     7.075     4056.8   -21503.9      -75.6   2959.1   3098.0   1589.6 2014  4 15  4 28  7.000  4.2   1
      348  12.126559  -86.413770     8.792     6106.1   -24528.5     1641.3   2961.5   2986.0   1420.4 2014  4 15  7  4  5.000  3.5   1
      349  12.065255  -86.385547    13.407     9178.3   -31310.3     6255.8   2337.1   3558.7   2986.2 2014  4 15  7  9 54.000  3.3   1
      350  12.146566  -86.434408     7.925     3860.9   -22315.4      773.8   2966.9   3413.9   1936.2 2014  4 15  7 23 17.000  2.1   1
      352  12.221331  -86.422835     7.860     5118.6   -14044.6      707.6   2150.2   2502.3   1630.4 2014  4 15  8 18  1.000  1.6   1
      353  12.214646  -86.446517    40.908     2542.9   -14784.0    33756.1   2378.6   2689.1   4902.5 2014  4 15  8 20 21.000  2.2   1
      356  12.388424  -86.464933     3.985      539.3     4440.0    -3165.7   1455.9   1886.9   1223.5 2014  4 15  9 27  5.000  1.5   1
      357  12.255330  -86.476831     4.308     -755.2   -10283.4    -2843.0   2749.2   2745.1   1174.9 2014  4 15 10  1 13.000  2.0   1
      358  12.202263  -86.386751     8.528     9044.4   -16153.9     1377.5   1840.6   1698.3   1717.0 2014  4 15 11 20 58.000  1.8   1
      359  12.221926  -86.365934     6.900    11308.7   -13978.7     -252.0   1687.8   1888.0   1710.3 2014  4 15 11 28  3.000  1.3   1
      360  12.167200  -86.474495     6.212     -501.2   -20032.8     -940.3   2645.4   3019.7   1187.5 2014  4 15 12  2  0.000  2.7   1
      361  11.996137  -86.573812     9.654   -11310.2   -38956.3     2502.3   4115.9   4848.0   1883.4 2014  4 15 12 30 33.000  1.4   1
      362  12.257048  -86.461995     4.462      858.9   -10093.4    -2688.6   2838.4   3085.8   1471.2 2014  4 15 12 48 12.000  3.3   1
      363  12.454309  -86.448421    19.762     2334.8    11728.5    12610.4   2401.6   3149.0   1922.5 2014  4 15 13  3 22.000  2.4   1
      364  12.326471  -86.504785    20.912    -3795.3    -2413.4    13760.2   2377.6   1893.1   3528.5 2014  4 15 13 14  9.000  2.5   1
      365  12.332579  -86.461646    21.664      896.5    -1737.9    14511.5   1651.3   2045.1   3210.4 2014  4 15 13 17 49.000  3.2   1
      366  12.459354  -86.450618     6.878     2095.1    12286.5     -272.8   1926.8   2202.8    889.1 2014  4 15 14 50 10.000  2.2   1
      367  12.387865  -86.577759     1.823   -11731.3     4378.2    -5328.6   1974.8   2332.8   1078.9 2014  4 15 16 28 23.000  1.2   1
      368  12.202689  -86.668978     1.357   -21659.3   -16106.8    -5793.9   3978.2   4628.4   2407.9 2014  4 15 17 25 59.000  1.0   1
      369  12.563240  -86.542839    78.449    -7930.9    23778.9    71297.0   2917.2   3193.0   6823.6 2014  4 15 18  8 46.000  2.7   1
      370  12.408164  -86.500464     5.023    -3325.0     6623.8    -2128.9   1392.2   1841.3   1123.0 2014  4 15 18 30 44.000  3.2   1
      371  12.414950  -86.512126     4.896    -4592.7     7374.4    -2254.8   1402.7   1829.1   1124.9 2014  4 15 18 50  4.000  2.8   1
      372  12.443862  -86.449886     3.379     2174.9    10572.8    -3772.9   1280.6    827.7    741.0 2014  4 15 19 42 44.000  2.6   1
      374  12.270801  -86.412378    12.331     6255.9    -8571.9     5179.5   2924.1   2811.1   2735.7 2014  4 15 19 54 59.000  2.6   1
      375  12.090850  -86.631616    60.874   -17598.2   -28478.8    53721.6   3686.4   5521.6   6642.7 2014  4 15 20 53 56.000  2.3   1
      377  12.353202  -86.460856     5.262      982.4      543.6    -1889.3   1429.8   1189.7    670.7 2014  4 16  3 18 32.000  3.8   1
      378  12.355131  -86.457422     5.874     1356.3      757.0    -1276.8   1435.6   1505.4    881.1 2014  4 16  3 48 38.000  2.0   1
      379  11.948525  -86.426017    22.359     4775.5   -44223.4    15207.1   2003.7   5824.7   3957.5 2014  4 16  4 22 45.000  2.5   1
      381  12.391331  -86.458252     5.252     1265.7     4761.6    -1899.4   1407.2   1196.1    646.6 2014  4 16  5 21 52.000  2.3   1
      382  12.365035  -86.514347     4.881    -4835.4     1852.6    -2270.7   1405.7   1648.3   1000.2 2014  4 16  5 25 14.000  2.0   1
      384  12.429636  -86.502458     4.982    -3541.7     8999.0    -2168.8   1380.5   1502.4    896.0 2014  4 16  7 19 52.000  1.8   1
      389  12.254145  -86.528703     2.232    -6398.0   -10414.5    -4918.6   1628.6   1981.1    617.4 2014  4 16 14 32 50.000  1.4   1
      390  12.361181  -86.488086    24.882    -1979.1     1426.2    17730.0    978.6   1095.6   2340.2 2014  4 16 15 40  7.000  1.7   1
      391  12.375524  -86.479411    49.962    -1035.5     3013.0    42810.4   1344.3   1725.6   7060.1 2014  4 16 15 43 24.000  2.5   1
      394  12.325069  -86.514518    15.517    -4854.5    -2568.5     8364.8    942.9   1007.2   1638.0 2014  4 16 17 59  6.000  2.9   1
      395  12.314085  -86.443132    11.040     2910.3    -3783.7     3888.0    902.1   1039.2   2164.4 2014  4 16 19 13 37.000  2.1   1
      397  12.382322  -86.338770     6.683    14259.7     3765.0     -468.6   3370.3   4307.4   1778.4 2014  4 16 20 19 53.000  1.6   1
      398  12.135093  -86.448617     8.192     2314.9   -23584.5     1040.8   2966.7   3188.8   1837.9 2014  4 16 22 44 53.000  2.8   1
      399  12.206508  -86.401709     3.807     7417.0   -15684.3    -3343.9   2373.9   1577.2   1331.4 2014  4 16 22 53 26.000  1.8   1
      402  12.346723  -86.462191     5.700      836.9     -173.1    -1451.3   1505.7   1950.0   1104.3 2014  4 17  0 11 45.000  2.3   1
      403  12.350400  -86.527743    30.210    -6292.2      233.6    23057.7   2007.9   2382.6   4656.4 2014  4 17  1 36 25.000  1.7   1
      404  12.162659  -86.365470     3.895    11360.8   -20535.1    -3255.8   1771.8   1341.9   1392.3 2014  4 17  2 15 26.000  2.0   1
      405  12.066433  -86.519735     4.780    -5424.4   -31180.0    -2370.8   3123.9   3913.4   1338.8 2014  4 17  3 12 52.000  1.4   1
      407  12.499100  -86.546842   513.280    -8366.8    16683.4   506127.8   3527.7   5507.8  13741.8 2014  4 17  4 24 19.000  1.9   1
      409  12.186685  -86.315413     3.190    16806.0   -17877.2    -3962.2   1681.1   1403.3    945.6 2014  4 17  6 16  9.000  1.7   1
      411  12.327532  -86.542594    24.280    -7907.6    -2296.1    17128.0   1614.5   2393.9   1946.2 2014  4 17  6 44 21.000  2.2   1
      413  12.143473  -86.407088     9.274     6833.1   -22657.5     2123.3   2904.1   3364.5   1869.8 2014  4 17  7 59 60.000  2.3   1
      415  11.876392  -86.375627    23.315    10260.9   -52203.1    16163.8   2977.0   6203.3   4618.7 2014  4 17  9  7 38.000  2.5   1
      416  12.221853  -86.356836     1.780    12298.8   -13986.8    -5371.0   1707.6   1875.8    883.1 2014  4 17  9 20 17.000  1.4   1
      417  12.260157  -86.353076     8.647    12706.8    -9749.4     1495.9   1672.7   1927.9   1717.7 2014  4 17  9 25 51.000  1.8   1
      418  12.231604  -86.430469    14.052     4288.1   -12908.1     6899.8   1552.9   2986.5   3888.8 2014  4 17 10 13  2.000  1.1   1
      419  12.170602  -86.427344     6.702     4628.6   -19656.3     -449.1   2890.2   1639.4   1545.0 2014  4 17 10 36 59.000  2.5   1
      422  12.374351  -86.447591     3.257     2424.9     2883.2    -3894.6   1463.7   2028.3   1299.3 2014  4 17 14 27 28.000  3.3   1
      423  12.365082  -86.432878     2.452     4025.2     1857.8    -4699.2   1818.6   2214.8    942.9 2014  4 17 15 45  8.000  3.0   1
      425  12.242968  -86.588802     6.779   -12935.2   -11651.0     -372.0   2692.4   3452.0   1080.2 2014  4 17 19 17 35.000  1.5   1
      426  12.338948  -86.538713     8.427    -7485.1    -1033.2     1275.6   1382.2   2123.4   1308.5 2014  4 17 20 20 47.000  3.0   1
      427  12.362862  -86.540177     3.246    -7644.2     1612.3    -3905.3   1105.0   1824.6   1261.8 2014  4 17 22 15 43.000  1.3   1
      429  12.120968  -86.445744     8.236     2627.1   -25147.1     1083.9   2934.4   3032.6   1427.6 2014  4 17 22 32 17.000  3.7   1
      431  12.354604  -86.538721    23.660    -7486.3      698.7    16507.9   1233.1   1016.8   2236.1 2014  4 17 23  6 21.000  1.4   1
      432  12.299954  -86.467676    24.616      240.5    -5346.9    17463.9   1291.0   1285.4   3525.2 2014  4 17 23 22 23.000  1.8   1
      433  12.009127  -86.598950     5.007   -14045.4   -37519.4    -2144.9   3383.9   3607.0   1172.6 2014  4 17 23 42 21.000  2.5   1
      434  12.355028  -86.467220     2.416      290.3      745.7    -4735.2   1441.6   1495.0    652.2 2014  4 18  0 19  5.000  3.9   1
      436  12.299747  -86.454134     2.007     1713.7    -5369.9    -5143.8   1486.1    584.8    477.2 2014  4 18  1 37 53.000  2.8   1
      437  12.340374  -86.475374    33.680     -596.9     -875.5    26527.5   1222.2   1408.9   3699.6 2014  4 18  2  4 27.000  1.7   1
      438  12.387844  -86.510994    14.185    -4470.7     4375.9     7033.4   1410.9   1327.1   2010.2 2014  4 18  3 42 53.000  2.8   1
      443  12.151826  -86.374626     2.649    10364.6   -21733.5    -4502.8   1875.5   1372.0   1479.4 2014  4 18  8 28 30.000  1.7   1
      444  12.458476  -86.558146     5.340    -9597.1    12189.4    -1811.6   1449.5   2055.5   1557.0 2014  4 18 11 26 45.000  1.4   1
      445  12.369698  -86.473031     4.350     -341.9     2368.5    -2800.7   1450.4   1896.9   1225.0 2014  4 18 12  5 17.000  2.5   1
      446  12.351249  -86.448869     3.984     2285.8      327.6    -3168.5   1445.1   1196.9    683.2 2014  4 18 12 21 58.000  4.4   1
      447  12.374082  -86.494653     0.540    -2693.4     2853.5    -6610.5   1573.4   1483.1    438.1 2014  4 18 12 26 45.000  3.7   1
      448  12.328463  -86.448755     3.145     2298.9    -2193.2    -4007.4   1525.4   1790.3   1135.1 2014  4 18 12 32 51.000  3.0   1
      452  12.313798  -86.455916     4.611     1520.2    -3815.4    -2540.8   3133.1   3292.0   1714.0 2014  4 18 16 51 38.000  2.2   1
      453  12.396188  -86.491789     4.709    -2381.3     5298.9    -2442.0   1526.8   1408.2    822.0 2014  4 18 17 21 29.000  3.0   1
      454  12.367069  -86.530355    16.245    -6576.2     2077.6     9092.8   1867.1   2805.0   5764.6 2014  4 18 17 24  0.000  1.9   1
      456  12.386076  -86.475220    21.080     -579.6     4180.3    13927.5   1671.8   2032.4   5731.7 2014  4 18 21 31 24.000  2.2   1
      458  12.311273  -86.639290    18.590   -18425.2    -4094.7    11437.6   1764.6   2083.7   3823.3 2014  4 19  1 11 29.000  1.1   1
      459  12.125411  -86.730965    29.166   -28406.9   -24655.6    22013.9   4397.1   5229.2   3094.3 2014  4 19  3  3  1.000  1.7   1
      461  12.336306  -86.539412     7.435    -7561.2    -1325.5      283.2   1396.9   2024.9   1270.0 2014  4 19  6 11 59.000  1.2   1
      462  12.433369  -86.535645     2.173    -7150.8     9412.0    -4978.8   1652.1   1776.9   1083.9 2014  4 19  6 40 24.000  1.4   1
      463  12.347712  -86.563615     4.786   -10193.4      -63.7    -2365.9   1652.9   2576.2   1639.6 2014  4 19  6 59  8.000  1.2   1
      464  12.254151  -86.497160     1.530    -2966.4   -10413.7    -5622.3   1104.5   2004.4   1197.0 2014  4 19  7  6 33.000  1.7   1
      466  12.527692  -86.532422    68.643    -6798.8    19846.4    61490.5   2389.6   3369.3   6223.2 2014  4 19  8 23  4.000  1.4   1
      467  12.375590  -86.482349    13.831    -1354.6     3020.3     6679.3   1491.2   1787.4   3395.8 2014  4 19  8 28 53.000  1.4   1
      470  12.359748  -86.478939     0.979     -984.4     1267.8    -6172.0   1539.7   1347.0    379.7 2014  4 19 13 44 28.000  3.9   1
      471  12.402496  -86.497843     4.766    -3040.3     5996.7    -2385.0   1413.3   1733.4   1001.9 2014  4 19 14 18  3.000  1.7   1
      472  12.364537  -86.512012     4.380    -4581.1     1797.5    -2771.7   2483.6   2352.9   2240.1 2014  4 19 14 33 32.000  2.4   1
      473  12.414399  -86.550285     1.947    -8743.1     7313.6    -5205.3   1672.6   1560.9   1082.1 2014  4 19 17 40 17.000  1.9   1
      474  12.393848  -86.517049     5.302    -5128.4     5040.0    -1848.7   1381.2   1211.3    636.4 2014  4 19 18 18 15.000  4.0   1
      476  12.393058  -86.555184     5.071    -9276.3     4952.7    -2080.8   1405.7   1526.0    894.9 2014  4 19 19  9 45.000  1.6   1
      477  12.329514  -86.573494    20.328   -11268.4    -2076.9    13175.8   1489.4   2246.8   1621.7 2014  4 19 19 25 49.000  1.8   1
      478  12.430341  -86.506576    14.758    -3989.7     9077.0     7606.4   1660.4   1917.4   1562.7 2014  4 19 22 18  8.000  2.2   1
      479  12.242556  -86.494995    17.668    -2730.8   -11696.5    10516.1   2142.5   4653.8   2854.7 2014  4 20  0 23  5.000  2.5   1
      480  12.368689  -86.537321    17.545    -7333.3     2256.9    10393.2   1650.1   2360.7   1958.2 2014  4 20  0 27 38.000  2.6   1
      481  12.373080  -86.509831    22.828    -4343.6     2742.7    15675.6   1897.0   1867.3   3901.0 2014  4 20  3 34 39.000  2.3   1
      482  12.301375  -86.479582     8.903    -1054.6    -5189.7     1752.2   1438.1   2085.6   1325.8 2014  4 20  3 57 33.000  3.1   1
      483  12.374436  -86.468571     4.571      143.0     2892.6    -2581.4   1417.0   1346.0    798.3 2014  4 20  4 24  4.000  2.9   1
      486  12.449443  -86.525960     5.495    -6096.9    11190.1    -1656.4   1181.1   2770.4   1115.8 2014  4 20  9 20 53.000  2.2   1
      487  12.461431  -86.551131     3.956    -8834.0    12516.3    -3195.3   1354.1   1488.0    904.9 2014  4 20  9 23 20.000  2.9   1
      489  12.420039  -86.521639     3.668    -5627.2     7937.3    -3484.4   1379.8   1337.3    756.3 2014  4 20 11 43 41.000  2.5   1
      490  12.388755  -86.522965     5.675    -5771.9     4476.7    -1476.1   1437.3   1498.3    862.7 2014  4 20 11 46  5.000  2.3   1
      491  12.400356  -86.460905     7.449      976.7     5760.0      296.9   1911.6   1936.6   1380.5 2014  4 20 12 12 15.000  1.8   1
      492  12.395921  -86.500114     3.426    -3287.2     5269.3    -3726.4   1391.3   1276.0    722.2 2014  4 20 14 42 22.000  3.0   1
      495  12.296699  -86.535229    50.564    -7107.0    -5707.0    43411.7   2108.0   2043.1   8104.8 2014  4 20 20 22 28.000  1.2   1
      496  12.396927  -86.550122     1.916    -8725.8     5380.6    -5234.8   1502.3   1936.8    631.6 2014  4 21  0 15 54.000  1.5   1
      497  12.238311  -86.419629     1.001     5467.2   -12166.2    -6151.1   2348.1   2325.6   2259.1 2014  4 21  3 35 51.000  1.4   1
      498  12.364035  -86.575977    11.589   -11537.4     1742.0     4436.8   1821.7   2922.6   3370.4 2014  4 21  5 14 36.000  1.6   1
      499  12.386066  -86.493799     5.304    -2600.6     4179.1    -1847.3   1413.1   1702.8    836.1 2014  4 21  5 29 39.000  1.3   1
      502  12.353562  -86.538314     6.643    -7441.6      583.5     -509.1   1400.2   1672.4   1553.5 2014  4 21  6 54  3.000  1.3   1
      504  12.355936  -86.599756     0.684   -14124.0      846.0    -6467.3   1710.9   1755.5    766.8 2014  4 21 12 25 58.000  1.0   1
      505  12.359449  -86.539429     1.958    -7562.8     1234.8    -5193.5    790.9    839.2    684.4 2014  4 21 13  9  6.000  1.4   1
      506  12.444772  -86.550602     2.072    -8777.2    10673.5    -5079.9   1444.8   2143.9   1342.8 2014  4 21 15 45 38.000  1.4   1
      507  12.372346  -86.544295     1.848    -8092.4     2661.4    -5303.0   2631.0   2502.1   1610.8 2014  4 21 15 53 33.000  1.4   1
      508  12.345800  -86.423608     8.188     5033.7     -275.2     1036.2   2531.1   2916.8   3829.9 2014  4 21 16 57 36.000  1.1   1
      509  12.231864  -86.459285    10.089     1153.7   -12879.3     2936.6   1497.3   2437.0   1542.3 2014  4 21 17 36 56.000  2.1   1
      511  12.276589  -86.540462    25.357    -7676.2    -7931.6    18205.5   2129.6   2354.3   2694.5 2014  4 22  0 18  8.000  2.4   1
      512  12.325304  -86.464616    21.888      573.6    -2542.6    14736.3   3142.9   2440.9   1962.5 2014  4 22  1 45 11.000  3.0   1
      513  12.384249  -86.471940    15.732     -222.9     3978.1     8580.5   1204.5   2322.3   2791.7 2014  4 22  4 14 50.000  2.6   1
      514  12.422978  -86.492749     5.547    -2485.5     8262.4    -1603.6   1378.1   1366.2    794.2 2014  4 22  4 18 39.000  5.2   1
      515  12.415090  -86.511393    22.985    -4513.2     7389.9    15832.5   1585.1   2072.6   2225.1 2014  4 22  4 22 22.000  3.1   1
      516  12.444636  -86.482845    19.106    -1408.4    10658.4    11954.3   2523.9   3560.8   3130.4 2014  4 22  4 24 19.000  2.8   1
      520  12.478742  -86.529451    14.225    -6476.0    14431.4     7072.8    860.0   1310.8   1666.4 2014  4 22  4 35 43.000  2.1   1
      521  12.481212  -86.560612    17.855    -9865.0    14704.7    10703.0    886.4   1287.4   1338.0 2014  4 22  4 41 24.000  1.4   1
      526  12.391545  -86.561214     2.580    -9932.0     4785.3    -4572.2   1635.5   1955.1   1300.3 2014  4 22  6 23 28.000  1.3   1
      529  12.422016  -86.539339    12.470    -7552.3     8156.2     5318.4    847.1   1529.6   2015.4 2014  4 22  8 46 49.000  1.3   1
      531  12.320339  -86.487476    25.094    -1912.8    -3091.8    17942.2   1066.3   2065.4   2715.8 2014  4 22 10 13 30.000  1.6   1
      533  12.317972  -86.314827     7.008    16865.5    -3353.8     -142.8   3925.9   3381.8   2661.4 2014  4 22 11 30 24.000  2.8   1
      535  12.350881  -86.400456     2.028     7551.6      286.8    -5123.2    794.3   1034.8    606.9 2014  4 22 14 23 32.000  2.2   1
      536  12.251727  -86.523576    38.994    -5839.8   -10681.9    31841.9   2598.0   3950.8   3947.5 2014  4 22 15  0  9.000  1.3   1
      537  12.390579  -86.444963     2.298     2711.2     4678.4    -4854.5   1421.3   1248.3   4957.8 2014  4 22 20 30 11.000  3.0   1
      539  12.218358  -86.565194    23.458   -10367.8   -14373.3    16305.8   2439.7   2650.9   2164.1 2014  4 23  1  5 49.000  1.9   1
      540  12.331986  -86.503044    24.380    -3605.9    -1803.4    17227.6   2331.5   2802.5   2407.9 2014  4 23  1 11 56.000  2.0   1
      541  12.336441  -86.480062    16.274    -1106.3    -1310.6     9122.2   1790.6   2343.4   2452.8 2014  4 23  1 33 26.000  2.0   1
      542  12.384334  -86.534627    17.937    -7040.9     3987.6    10785.0   1988.1   1544.6   1780.5 2014  4 23  1 43 14.000  1.5   1
      543  12.361896  -86.520524     6.631    -5507.3     1505.3     -520.0   1397.0   1500.7    819.5 2014  4 23  3  4 19.000  2.8   1
      544  12.185406  -86.503979     5.609    -3709.1   -18018.7    -1541.8   3299.4   4332.0   2249.4 2014  4 23  3 54 40.000  2.9   1
      545  12.349004  -86.515299     3.849    -4939.2       79.2    -3303.0   1396.9   1495.2    875.2 2014  4 23  4  4 13.000  2.8   1
      546  12.394630  -86.473454     5.473     -387.6     5126.6    -1677.7   1396.5   1206.0    654.6 2014  4 23  4 44 44.000  4.1   1
      547  12.438448  -86.519458    18.076    -5390.0     9973.9    10923.8    834.0   1425.2    947.4 2014  4 23  4 49 10.000  2.5   1
      550  12.530201  -86.500326     1.741    -3309.5    20124.0    -5410.5   1016.4   2393.9    665.4 2014  4 23  6 14 50.000  1.8   1
      552  12.358407  -86.486694     2.135    -1827.7     1119.4    -5015.8   1434.6   1613.2    672.1 2014  4 23 15 12 21.000  2.1   1
      554  12.214666  -86.441146     5.260     3126.8   -14781.8    -1890.6   3639.2   3283.7   2247.3 2014  4 23 16 12 49.000  1.6   1
      555  12.396162  -86.493416    16.605    -2558.7     5296.0     9452.8   1375.3   1586.2   2044.4 2014  4 23 20  2 48.000  2.9   1
      557  12.439841  -86.387264    15.561     8984.8    10128.0     8409.2   3150.6   2493.1   2059.7 2014  4 23 20 13 15.000  2.5   1
      560  12.365083  -86.461076     2.813      958.8     1857.9    -4339.3   1420.0   1220.1    682.0 2014  4 24  3 35 53.000  3.3   1
      562  12.240698  -86.445890    21.495     2611.0   -11902.0    14342.7   1547.8   2795.2   5175.4 2014  4 24  7  6 30.000  1.8   1
      563  12.380035  -86.479622     1.212    -1058.8     3512.1    -5938.6   1436.8   1351.5    566.9 2014  4 24  7 10 59.000  2.1   1
      565  12.378120  -86.519735    14.827    -5420.8     3300.2     7674.6   1460.3   1784.0   2616.2 2014  4 24  9 10 60.000  1.6   1
      566  12.341562  -86.538070     4.134    -7415.3     -744.1    -3018.2   1301.8   1669.0   2564.9 2014  4 24  9 12 60.000  1.7   1
      568  12.344598  -86.492432    14.194    -2452.2     -408.2     7041.9   1457.5   2026.3   1986.2 2014  4 24  9 25 49.000  1.7   1
      570  12.398644  -86.487834     5.137    -1951.1     5570.6    -2014.5   1394.6   1265.4    714.7 2014  4 24  9 38 56.000  3.2   1
      571  12.226027  -86.515942     7.281    -5010.2   -13525.0      128.7   2094.0   2891.0   3447.2 2014  4 24 11 11 59.000  2.3   1
      572  12.308536  -86.577026    19.235   -11653.1    -4397.5    12083.3   1915.2   2745.8   2597.5 2014  4 24 13 16  0.000  1.2   1
      573  12.380783  -86.474544    13.451     -506.5     3594.8     6299.1   1167.0   1548.2   2566.5 2014  4 24 21 25  8.000  1.6   1
      574  12.354215  -86.528809    25.015    -6408.0      655.7    17862.5   1283.9   1212.2   2524.8 2014  4 24 22 12  2.000  1.7   1
      576  12.391351  -86.583805    33.144   -12388.8     4763.9    25992.1   2048.9   2099.9   4943.1 2014  4 25  2 20 36.000  1.2   1
      578  12.407406  -86.520125    19.431    -5463.1     6539.8    12279.5   1364.3   1788.7   1681.9 2014  4 25  2 32 58.000  1.5   1
      580  12.309774  -86.554801    33.166    -9235.8    -4260.6    26014.1   2312.7   3282.3   2377.6 2014  4 25  3 41 35.000  1.4   1
      583  12.256093  -86.629948    88.620   -17410.8   -10198.9    81468.3   2704.5   3047.7   6454.3 2014  4 25 14 18 41.000  1.4   1
      584  12.349772  -86.493327     5.489    -2549.1      164.2    -1662.1   1449.1   1393.0    874.7 2014  4 25 14 20 29.000  2.5   1
      585  12.370349  -86.468970     5.747      100.1     2440.5    -1403.8   1417.5   1202.9    661.3 2014  4 25 14 24 38.000  2.3   1
      590  12.337276  -86.555103     6.467    -9268.4    -1218.2     -684.0   1579.4   2309.0    967.3 2014  4 25 17 20 31.000  1.2   1
      591  12.357047  -86.560604    23.212    -9865.6      968.9    16060.1   2414.2   1973.6   1952.1 2014  4 25 20  0 46.000  2.0   1
      592  12.318635  -86.467391     8.625      271.3    -3280.4     1474.4   1854.3   1985.0   1942.4 2014  4 25 20 36 57.000  1.5   1
      593  12.449518  -86.524447     4.442    -5932.4    11198.4    -2709.6   2470.8   2777.3   1225.1 2014  4 26  6 30 37.000  1.0   1
      594  12.350414  -86.459937     2.026     1082.7      235.2    -5125.4   1430.3   1188.2    486.8 2014  4 26  9 33  5.000  3.6   1
      595  12.286628  -86.484749     1.917    -1616.2    -6821.1    -5235.3   2866.9   5265.8   3373.5 2014  4 26 16 52 46.000  2.4   1
      596  12.339230  -86.519287    29.817    -5372.9    -1002.0    22665.2   2127.6   1984.7   5522.9 2014  4 26 19 17 52.000  2.6   1
      599  12.385932  -86.462638     1.815      788.8     4164.3    -5337.5   1433.3   1321.8    764.5 2014  4 27  2  6 25.000  3.2   1
      600  12.394327  -86.543864     6.808    -8044.8     5093.0     -342.9   1377.6   2146.7   1297.4 2014  4 27  4 30 44.000  2.2   1
      601  12.283287  -86.579224    25.658   -11892.7    -7190.7    18506.2   2552.0   2752.7   2032.6 2014  4 27  6 19 24.000  2.5   1
      602  12.352129  -86.538949    19.295    -7510.6      424.9    12143.0   1428.0   2026.7   1774.4 2014  4 27 14 33 38.000  2.0   1
      603  12.365832  -86.604362     0.393   -14624.7     1940.7    -6758.0   2117.3   2124.9    803.9 2014  4 27 15 33  5.000  1.6   1
      604  12.280554  -86.520353    17.504    -5489.6    -7493.0    10352.4   1421.7   2223.9   1854.6 2014  4 27 16  4 34.000  2.8   1
      605  12.294292  -86.529753    17.675    -6511.4    -5973.2    10523.4   2463.0   2714.4   1998.4 2014  4 27 18 51 48.000  1.6   1
      606  12.431186  -86.530729    23.691    -6615.9     9170.5    16538.8   1230.3   1650.2   4967.4 2014  4 27 19 13 29.000  2.0   1
      607  12.360904  -86.468416     5.627      160.4     1395.6    -1523.8   1419.6   1207.5    681.5 2014  4 28  4  0 48.000  3.3   1
      609  12.371590  -86.468018     5.061      203.7     2577.8    -2089.6   1416.6   1255.3    739.2 2014  4 28  9 42 22.000  3.0   1
      611  12.326831  -86.502726     2.698    -3571.8    -2373.6    -4454.4   1000.2   1618.5   2401.8 2014  4 28 10 33 25.000  1.7   1
      612  12.328141  -86.533358    12.132    -6903.4    -2228.7     4979.6   1846.7   1962.2   1984.1 2014  4 28 10 52 12.000  2.0   1
      614  12.330211  -86.550195     2.010    -8734.2    -1999.8    -5141.5    876.5    932.6    625.9 2014  4 28 17 19 33.000  1.1   1
      615  12.371548  -86.514697     6.059    -4872.8     2573.2    -1092.0   1183.4   1510.8    967.6 2014  4 28 22  9 19.000  1.9   1
      616  12.382535  -86.563794     4.527   -10212.8     3788.6    -2623.7   1633.0   2050.6   1342.4 2014  4 28 22 13 19.000  1.5   1
      617  12.310184  -86.549308     2.824    -8638.2    -4215.3    -4327.1    851.3   1957.5   1192.7 2014  4 29  0 33 10.000  1.6   1
      618  12.073392  -86.518514    16.772    -5290.8   -30410.1     9619.7   1507.8   4971.0   3294.6 2014  4 29  1 59 31.000  1.7   1
      619  12.383033  -86.482609     3.331    -1383.7     3843.6    -3821.0   1576.3   1406.5   1027.2 2014  4 29  2 29 36.000  1.6   1
      620  12.304620  -86.500570    19.791    -3337.3    -4830.7    12639.4   1895.8   2460.3   2521.2 2014  4 29  3 43 18.000  2.6   1
      621  12.483631  -86.476790     4.989     -750.6    14972.3    -2163.1   1464.8   3373.1   1427.8 2014  4 29  5 31 59.000  1.7   1
      623  12.433414  -86.526221    12.853    -6125.4     9417.0     5702.3   1386.6   1966.1   2830.8 2014  4 29  7 50 57.000  1.2   1
      625  12.253562  -86.252262    11.745    23673.4   -10479.0     4593.7   5349.2   4028.7   3402.1 2014  4 29 15 40 49.000  1.3   1
      626  12.379686  -86.487549     6.544    -1920.7     3473.4     -607.6   1958.4   2020.2   1692.0 2014  4 29 21 56 43.000  1.3   1
      627  12.387685  -86.516089     4.484    -5024.4     4358.3    -2667.6   1396.2   1617.8    960.3 2014  4 30  0 51 51.000  2.5   1
      628  12.487480  -86.500317     0.795    -3308.1    15398.0    -6356.5   2608.4   3264.3    572.9 2014  4 30  1 29 15.000  1.4   1
      630  12.408154  -86.561670     5.334    -9980.7     6622.6    -1818.0   1408.3   1437.8    829.2 2014  4 30  6 25 41.000  1.6   1
      631  12.263147  -86.485042     5.925    -1648.1    -9418.7    -1227.5   1503.5   2171.9    948.8 2014  4 30  8 15 49.000  2.6   1
      634  12.399430  -86.510758     4.330    -4444.9     5657.6    -2821.7   2054.4   2123.9   1504.0 2014  4 30 22 47 47.000  1.1   1
      635  12.394213  -86.488224    13.501    -1993.6     5080.4     6349.5   1630.1   1645.5   3391.4 2014  5  1  1  8  7.000  1.9   1
      637  12.343195  -86.423210     6.744     5076.8     -563.5     -407.8   1655.6   1996.6   1726.0 2014  5  1  2 52 24.000  1.3   1
      638  12.366515  -86.447534     6.086     2431.3     2016.3    -1065.8   1399.4   1645.3   1586.9 2014  5  1  4 41 12.000  1.3   1
      639  12.419500  -86.523649    17.376    -5846.2     7877.7    10224.1   1403.8   1889.5   2084.0 2014  5  1 10  8 54.000  1.5   1
      640  12.370021  -86.474471    28.395     -498.5     2404.2    21242.5   1179.2   1546.0   4254.4 2014  5  1 11 28 15.000  1.6   1
      641  12.351845  -86.458455     7.808     1243.8      393.6      655.6   2211.2   2096.4   3150.7 2014  5  1 13 23 51.000  2.5   1
      643  12.365041  -86.447054     2.094     2483.1     1853.3    -5057.3   1767.1   1872.9    590.2 2014  5  1 13 28 10.000  2.1   1
      644  12.319016  -86.509977    24.292    -4359.8    -3238.2    17140.4   1645.4   2189.4   2262.0 2014  5  1 13 47 35.000  1.9   1
      646  12.329262  -86.441968    20.774     3036.9    -2104.7    13621.9   2338.5   2115.9   2450.1 2014  5  1 14  4  4.000  1.7   1
      647  12.329215  -86.472965     1.967     -334.9    -2109.8    -5184.2   1443.0   1211.5    505.2 2014  5  1 14 11  5.000  3.1   1
      648  12.412187  -86.532137     3.062    -6769.6     7068.7    -4090.3   1374.1   1458.5    845.0 2014  5  1 17 49 55.000  3.5   1
      649  12.344144  -86.502189    29.735    -3513.0     -458.5    22582.8   1524.1   2121.9   2873.5 2014  5  1 18 23  5.000  1.7   1
      651  12.438996  -86.491650    17.192    -2365.9    10034.6    10040.1   1668.6   2025.6   2173.6 2014  5  1 23  7 14.000  1.5   1
      652  12.421025  -86.489722    11.287    -2156.9     8046.4     4134.8   1457.0   1775.2   1859.8 2014  5  2  0  8 24.000  2.0   1
      653  12.369806  -86.483374    12.388    -1466.7     2380.4     5235.9   1582.0   2185.6   3288.1 2014  5  2  0 37  1.000  1.4   1
      654  12.385164  -86.600098     1.436   -14160.4     4079.4    -5715.5   1931.5   1435.8    869.9 2014  5  2  0 48 23.000  1.2   1
      656  12.391140  -86.453988     8.075     1728.9     4740.4      923.2   2397.1   2580.6   1665.5 2014  5  2  1  1 29.000  1.0   1
      658  12.269023  -86.480127     2.889    -1113.2    -8768.6    -4263.1   2841.2   2845.1   1019.0 2014  5  2  2 48 41.000  3.6   1
      659  12.359146  -86.491772     3.933    -2380.3     1201.2    -3219.5   1422.1   1695.6   1059.2 2014  5  2  3 31  6.000  2.3   1
      660  12.289560  -86.351823    10.395    12842.4    -6496.7     3243.1   3448.9   3033.2   3137.3 2014  5  2  3 42 49.000  1.8   1
      663  12.382364  -86.519189     5.472    -5361.2     3769.6    -1679.9   1382.6   1534.3    918.3 2014  5  2  4 21 56.000  3.9   1
      664  12.380775  -86.524805     3.533    -5972.6     3593.8    -3619.5   1400.8   1684.8   1037.6 2014  5  2  4 25 22.000  2.4   1
      666  12.415348  -86.567228    14.857   -10585.0     7418.5     7704.8   1482.7   1178.3   2863.4 2014  5  2  5 16  5.000  1.3   1
      670  12.418552  -86.524577     4.356    -5946.7     7772.9    -2794.9   1389.1   1784.9   1027.8 2014  5  2  5 25 28.000  2.2   1
      671  12.448034  -86.542041     4.575    -7846.2    11034.3    -2575.6   1762.8   1834.2   1114.9 2014  5  2  6 14 22.000  1.4   1
      672  12.350080  -86.600090     2.003   -14160.6      198.3    -5147.5   1033.3    979.8    696.9 2014  5  2 11 13 52.000  1.5   1
      673  12.257178  -86.481925     2.358    -1309.2   -10079.0    -4793.4   1911.7   2527.7    701.1 2014  5  2 12 50 32.000  1.7   1
      674  12.426669  -86.550358     4.802    -8750.2     8670.9    -2350.3   1406.3    888.9    667.4 2014  5  2 13 10 52.000  1.2   1
      675  12.345715  -86.485693    19.457    -1718.7     -284.6    12305.5   2171.2   2688.6   2749.0 2014  5  2 17 43  4.000  1.1   1
      676  12.341737  -86.543416     4.789    -7997.3     -724.8    -2363.5   1854.8   1978.1    938.8 2014  5  2 19 37 16.000  1.5   1
      678  12.342615  -86.474699     7.791     -523.4     -627.6      640.3   1472.3   1917.9   1135.2 2014  5  3  6  3 50.000  1.2   1
      679  12.322989  -86.444645    30.687     2745.6    -2798.7    23535.1   1205.0   1216.9   5882.1 2014  5  3  8 28 47.000  2.6   1
      680  12.414010  -86.538810    27.047    -7495.1     7270.4    19895.4   1908.1   2774.7   5584.4 2014  5  3 22 34 29.000  2.4   1
      681  12.270257  -86.550187     6.045    -8734.8    -8632.2    -1106.5   1105.0   1027.3   5966.3 2014  5  4  1 49 23.000  1.1   1
      682  12.422793  -86.492619    19.732    -2472.1     8242.0    12580.1    823.8   1362.4   1609.3 2014  5  4  3 42  5.000  1.1   1
      683  12.302126  -86.538346    10.714    -7446.4    -5106.6     3561.6   1461.0   2826.8   2722.9 2014  5  4  4 53  8.000  1.2   1
      684  12.413092  -86.501660     3.894    -3454.7     7168.9    -3258.2   1826.2   2057.9    855.9 2014  5  4  7 36  2.000  1.3   1
      685  12.360600  -86.420386     3.048     5383.6     1362.0    -4104.1    781.0   1049.9    839.3 2014  5  4 12  6 45.000  1.1   1
      686  12.385437  -86.559188     2.306    -9711.6     4109.5    -4845.0   2151.2   2102.3   1299.9 2014  5  4 12 13  7.000  0.8   1
      687  12.386076  -86.567993     2.113   -10669.5     4180.3    -5037.6   1281.8   1697.8    633.0 2014  5  4 12 44  5.000  1.0   1
      689  12.432721  -86.536336    13.422    -7225.9     9340.3     6270.0   1378.3   1722.8   3151.0 2014  5  5 12 36 11.000  1.7   1
      690  12.323249  -86.420158     1.370     5409.5    -2769.8    -5780.6   1860.4   2161.0   1915.2 2014  5  5 19 46 58.000  1.3   1
      692  12.272335  -86.454313    31.542     1694.2    -8402.3    24390.3   1157.9   4412.3   8356.5 2014  5  5 22 37 38.000  1.3   1
      693  12.425009  -86.559432     1.018    -9737.6     8487.2    -6133.1   1789.3   2706.4    560.1 2014  5  5 23 41 26.000  1.0   1
      694  12.398985  -86.499837     4.992    -3257.0     5608.3    -2160.4   1743.4   1765.8   1077.7 2014  5  6  1 45  7.000  1.2   1
      695  12.412665  -86.547160     6.211    -8403.1     7121.6     -939.9   1400.8   2211.8   1316.6 2014  5  6  2 47 32.000  1.3   1
      696  12.381105  -86.523079    27.967    -5784.7     3630.3    20814.7   1773.4   1566.1   4300.1 2014  5  6 12 43 47.000  1.3   1
      697  12.459525  -86.543188     3.566    -7970.3    12305.4    -3585.8   1866.9   2808.2   1166.3 2014  5  7  0 21 38.000  1.1   1
      698  12.457208  -86.483927    37.390    -1526.4    12049.2    30237.7   2031.7   3032.1   5228.5 2014  5  7  1 20 34.000  1.3   1
      700  12.263898  -86.377726     6.631    10024.9    -9335.6     -520.7   3254.5   4146.3   2014.5 2014  5  7  2 59 53.000  1.9   1
      701  12.317539  -86.489478     5.696    -2130.9    -3401.5    -1455.2   1495.3   1957.9    670.9 2014  5  7  6 15 26.000  1.7   1
      703  12.440817  -86.499316     5.499    -3199.6    10236.0    -1652.2   1144.5   1543.8    879.3 2014  5  7 12 53 30.000  1.4   1
      704  12.390082  -86.517912    17.383    -5222.7     4623.4    10231.3   1043.3   1725.3   1859.5 2014  5  7 15 35 29.000  1.7   1
      705  12.258977  -86.470125     3.122      -25.5    -9879.9    -4028.9   1529.9   1890.1    899.7 2014  5  7 23 19 50.000  2.0   1
      706  12.350505  -86.586515     3.981   -12684.7      245.2    -3170.7   2241.0   2114.2    922.0 2014  5  8  3  5 38.000  1.7   1
      707  12.265446  -86.553556    19.324    -9101.0    -9164.3    12172.0   1823.3   2707.4   3457.6 2014  5  8  3 35 35.000  1.5   1
      708  12.342717  -86.497380    20.643    -2990.1     -616.3    13491.3   1615.5   2383.7   2336.6 2014  5  8  3 57 44.000  1.5   1
      709  12.395362  -86.538688    15.085    -7481.8     5207.6     7933.2   1209.7   1495.7   1406.6 2014  5  8  6 59 40.000  2.3   1
      710  12.327584  -86.430322    14.963     4303.8    -2290.3     7812.2   3478.0   2757.7   3208.8 2014  5  8 16  0 58.000  2.2   1
      711  12.342269  -86.584106    15.098   -12422.2     -665.8     7945.5   2749.5   3541.6   2450.6 2014  5  8 16 25  6.000  1.5   1
      715  12.391284  -86.503874     2.093    -3695.9     4756.5    -5057.8   1303.5   2063.2    689.4 2014  5  9  4 29 37.000  1.0   1
      716  12.350739  -86.490788     2.047    -2273.1      271.1    -5103.7    863.1    982.8    638.6 2014  5  9  5  1 32.000  0.8   1
      717  12.356321  -86.401237     8.189     7466.5      888.6     1037.4   2812.9   2367.8   2671.0 2014  5  9  6 30 38.000  1.2   1
      719  12.333454  -86.496232     4.635    -2865.2    -1641.0    -2517.4   1907.5   2093.2    755.7 2014  5  9 10 29 52.000  1.2   1
      721  12.363588  -86.519979     2.050    -5447.6     1692.6    -5100.7   1439.7   1762.5    806.3 2014  5  9 16 49 33.000  0.9   1
      722  12.494257  -86.535221    10.331    -7103.3    16147.6     3178.9   3609.5   2893.6   2559.6 2014  5  9 19  1 31.000  1.9   1
      725  12.514570  -86.554525     1.866    -9202.0    18394.8    -5285.3   1367.8   2384.0   1422.9 2014  5 10 18 21 44.000  1.9   1
      726  12.451962  -86.629476     7.403   -17353.2    11468.9      251.2   1183.3   1341.5   1473.7 2014  5 11  5 43 51.000  1.4   1
      727  12.221205  -86.600008    19.074   -14155.2   -14058.5    11921.8   3720.5   5024.0   3237.3 2014  5 11  8 18 16.000  1.6   1
      728  12.429309  -86.449137     1.914     2256.8     8962.9    -5237.6   1675.7   2094.9   3139.1 2014  5 11 11  0 33.000  2.0   1
      729  12.243664  -86.556388     3.473    -9409.1   -11574.0    -3679.4   2594.9   3002.7    981.5 2014  5 12  0 32 40.000  2.3   1
      730  12.432743  -86.478337     3.672     -918.8     9342.8    -3480.4   2096.1   2341.0   1129.5 2014  5 12  4 58 19.000  2.2   1
      733  12.283047  -86.330754    21.504    15134.2    -7217.2    14352.1   4903.8   3715.6   4374.6 2014  5 13  5 28  0.000  2.0   1
      734  12.365162  -86.577482     2.128   -11701.2     1866.7    -5022.5   1699.9   1955.4    674.8 2014  5 13  6 41 22.000  1.5   1
      735  12.366885  -86.527881    17.969    -6307.3     2057.3    10817.3   2012.3   1996.1   3012.5 2014  5 13 13 26 48.000  1.7   1
      736  12.342623  -86.435067     4.057     3787.2     -626.7    -3094.9   1498.5   1761.9   1118.0 2014  5 14 11 16 34.000  2.8   1
      737  12.370766  -86.540568     4.066    -7686.5     2486.7    -3086.4    935.9   1099.6    967.3 2014  5 14 12 49 30.000  1.2   1
      740  12.334496  -86.563118    10.896   -10139.6    -1525.7     3743.8   1589.1   1999.4   2178.0 2014  5 15 12 18 13.000  1.6   1
      741  12.339913  -86.539339     5.368    -7553.3     -926.5    -1783.8   1436.8   2212.9   1371.4 2014  5 15 13 53 17.000  1.3   1
      742  12.429137  -86.524268     3.690    -5912.9     8943.9    -3462.3    574.1   1657.2   1384.4 2014  5 15 14  7 54.000  1.6   1
      743  12.434208  -86.390340     1.390     8650.0     9504.8    -5761.2   2827.3   3508.6    714.2 2014  5 15 16  7 20.000  1.1   1
      744  12.361060  -86.428092     2.257     4546.0     1412.9    -4893.9   2718.1   3193.9    800.9 2014  5 15 19  2 24.000  0.7   1
      745  12.440945  -86.600692     2.041   -14223.9    10250.2    -5110.3    877.0   1032.2    651.4 2014  5 15 23  4 46.000  0.8   1
      746  12.401596  -86.581160     5.864   -12100.7     5897.1    -1287.2    792.6    938.8    821.4 2014  5 16  3 37 35.000  1.3   1
      747  12.341874  -86.578963     5.764   -11863.4     -709.5    -1387.5   1735.1   1995.5    846.1 2014  5 16  4 29 29.000  1.0   1
      749  12.385417  -86.486548     5.798    -1811.6     4107.3    -1354.4   1417.7   1724.2   1055.6 2014  5 16 14 44 51.000  2.3   1
      750  12.429804  -86.609342     7.899   -15164.9     9017.7      747.4    898.8   1076.3   3144.7 2014  5 16 15 10 34.000  1.2   1
      751  12.413003  -86.521183    47.368    -5578.5     7159.0    40216.1   1445.3   2009.9   9545.6 2014  5 16 16 10 51.000  1.6   1
      753  12.428519  -86.535539     3.645    -7139.2     8875.5    -3506.5   1957.4   2129.0    863.8 2014  5 16 17 17 41.000  1.6   1
      754  12.409619  -86.548519     4.830    -8551.3     6784.7    -2321.7   1906.6   2074.2   1122.9 2014  5 16 18  2 38.000  1.3   1
      755  12.409503  -86.556681     1.807    -9438.1     6771.9    -5343.6   1719.4   1877.2    837.2 2014  5 16 19  2  2.000  1.2   1
      757  12.387253  -86.597469     5.730   -13874.4     4310.4    -1421.1   1114.1   1170.7   1101.6 2014  5 17  0 27 21.000  1.2   1
      759  12.306524  -86.524878     1.304    -5980.8    -4620.1    -5847.4   1520.5   2369.0    801.8 2014  5 18  7 59 32.000  1.6   1
      760  12.365187  -86.486833     6.731    -1842.9     1869.4     -419.8   1658.5   1634.0   1098.8 2014  5 18  8 20 27.000  1.2   1
      762  12.279846  -86.579810     7.553   -11956.3    -7571.4      400.8   1129.4   1011.9   5764.8 2014  5 19 22 33 32.000  1.6   1
      764  12.378151  -86.588493     4.828   -12898.9     3303.6    -2323.5    875.3    961.3    880.4 2014  5 20  9 23  1.000  1.6   1
      765  12.355539  -86.553003    25.146    -9039.2      802.1    17993.5   2682.9   3477.1   2142.6 2014  5 20 11 20 25.000  1.7   1
      767  12.311036  -86.600993    16.481   -14259.6    -4121.0     9329.3   2100.2   2201.3   1590.8 2014  5 20 19 26 35.000  1.4   1
      769  12.400468  -86.520337     3.041    -5486.5     5772.4    -4110.9    825.7   1015.8    866.9 2014  5 20 22 20 27.000  1.2   1
      770  12.355166  -86.499211    16.455    -3189.4      760.9     9303.2   2094.9   2137.9   1833.1 2014  5 20 23  2 34.000  1.9   1
      771  12.374709  -86.472469     4.486     -280.4     2922.8    -2666.1   1219.7   1434.5    849.6 2014  5 21  1 26 21.000  1.1   1
      772  12.322464  -86.499756     6.384    -3248.4    -2856.8     -767.5   1871.3   4686.1   3172.7 2014  5 21  1 52 22.000  2.0   1
      773  12.359958  -86.529818    16.919    -6517.8     1291.0     9767.3   2031.5   2442.1   2182.6 2014  5 21 19 53 36.000  2.0   1
      774  12.342880  -86.561296    19.240    -9941.3     -598.2    12087.6   2027.7   2246.9   2543.8 2014  5 21 21 26 29.000  1.6   1
      776  12.379414  -86.508724    24.154    -4223.4     3443.3    17001.8   1353.3   1867.8   1845.9 2014  5 22  0 18 59.000  1.4   1
      777  12.376881  -86.479557     5.235    -1051.5     3163.0    -1915.7   1415.4   1504.8    907.2 2014  5 22  0 27 38.000  3.6   1
      778  12.456624  -86.440186    17.634     3230.1    11984.6    10482.3   2452.8   3124.0   2574.3 2014  5 22  0 31 38.000  1.2   1
      779  12.276111  -86.553011    21.061    -9041.9    -7984.5    13908.8   2536.5   3176.5   2924.3 2014  5 22  0 43 36.000  1.4   1
      781  12.413942  -86.441683    10.305     3067.6     7263.0     3152.8    842.0   1388.5   1753.0 2014  5 22  1  4 60.000  1.0   1
      783  12.381842  -86.441081     2.068     3133.2     3711.9    -5083.5    831.2   1096.5    638.0 2014  5 22  1 18 35.000  1.0   1
      785  12.430927  -86.510498     2.042    -4416.3     9141.9    -5108.7    816.2   1110.8    640.0 2014  5 22  1 45 51.000  1.1   1
      786  12.398880  -86.498153     4.433    -3073.4     5596.8    -2717.6   1418.0   1414.3    827.6 2014  5 22  4 11 10.000  1.8   1
      787  12.405649  -86.565023     3.466   -10345.4     6345.5    -3685.5   1442.5   1897.8   1164.1 2014  5 22 12  8  7.000  1.2   1
      789  12.339950  -86.499919     4.477    -3266.2     -922.5    -2674.4   2549.6   2541.1   1424.2 2014  5 24  0 28 57.000  2.8   1
      790  12.419273  -86.522526     4.395    -5724.4     7852.7    -2755.5   1380.5   1341.0    759.6 2014  5 24  8 52 48.000  2.4   1
      791  12.440482  -86.512061     1.328    -4585.4    10198.9    -5823.6   1396.3   1618.4   1029.5 2014  5 25  1 29 31.000  1.8   1
      792  12.366076  -86.512231     4.318    -4604.6     1967.7    -2834.4   1401.4   1747.8   1028.9 2014  5 25  2 32 48.000  1.4   1
      793  12.359862  -86.489225     1.371    -2103.1     1280.4    -5779.9   1432.3   2243.9    721.8 2014  5 25 16 48 49.000  2.7   1
      794  12.255927  -86.568058    26.701   -10678.4   -10217.4    19549.0   1948.7   2872.1   2619.6 2014  5 25 17 11 43.000  4.0   1
      796  12.392616  -86.510221     0.918    -4386.2     4903.8    -6233.3   1413.3   1632.9    511.0 2014  5 25 17 40  6.000  2.7   1
      800  12.398336  -86.531763     0.974    -6728.5     5536.5    -6177.4   1678.8   2307.1    491.6 2014  5 26  3 50  5.000  1.2   1
      802  12.386337  -86.577352     5.695   -11686.5     4209.2    -1455.6   1183.2   1355.6   1213.6 2014  5 26  4 32 28.000  1.3   1
      803  12.346462  -86.553963    16.522    -9144.2     -202.0     9370.2   1505.3   2369.8   5261.7 2014  5 26  6 27 36.000  2.2   1
      804  12.386855  -86.553971     4.931    -9144.3     4266.5    -2220.9    985.3   1316.2    876.4 2014  5 26  6 30 16.000  1.4   1
      806  12.416207  -86.524259     6.418    -5912.7     7513.4     -733.0   1984.0   2079.6    941.5 2014  5 26  9  0 47.000  2.0   1
      807  12.362419  -86.543433     7.868    -7998.7     1563.2      716.7   1409.6   1936.4   1188.7 2014  5 26  9  7 41.000  1.2   1
      808  12.399239  -86.549536     3.944    -8661.5     5636.5    -3207.7    787.6    975.7    829.1 2014  5 26  9 17 32.000  1.3   1
      809  12.361347  -86.576449     8.171   -11589.4     1444.6     1018.9    979.0   1047.9   4048.3 2014  5 26 10 47 35.000  2.0   1
      812  12.397808  -86.544002     5.876    -8060.0     5478.1    -1275.3   1625.6   2134.7    946.9 2014  5 26 13 34 53.000  1.9   1
      813  12.035494  -86.524365    54.900    -5928.2   -34602.6    47748.0   1987.1   6960.1   7091.3 2014  5 26 16  9  2.000  1.4   1
      814  12.410120  -86.519645     5.113    -5411.2     6840.1    -2038.2   1381.1   1364.5    759.9 2014  5 27  0 12 44.000  3.1   1
      815  12.368532  -86.529704    25.559    -6504.8     2239.5    18406.9   1619.7   1951.6   3962.0 2014  5 27  3 11 50.000  1.3   1
      818  12.431557  -86.611613     3.850   -15411.8     9211.6    -3302.1    999.9    990.4    964.0 2014  5 28  5 33 59.000  1.4   1
      819  12.338378  -86.545337    14.823    -8206.3    -1096.3     7671.2   1377.2   2303.6   1713.3 2014  5 28  6 55  5.000  2.2   1
      820  12.442976  -86.512150    15.229    -4595.1    10474.7     8077.3   1217.2   1489.6   5109.2 2014  5 28 11 48 35.000  1.5   1
      821  12.368385  -86.520410     7.868    -5494.0     2223.2      715.6   1392.6   1394.2   1743.6 2014  5 28 13 43 43.000  2.3   1
      823  12.442820  -86.499406    11.738    -3209.5    10457.6     4586.4    758.6   1829.2   2015.6 2014  5 29  5 57 18.000  1.8   1
      824  12.195660  -86.459375    10.943     1144.0   -16884.3     3791.3   1758.3   4772.8   3202.6 2014  5 29 11 13 23.000  1.9   1
      825  12.395069  -86.451497     5.211     2000.5     5175.2    -1940.2   2511.2   3615.5   1272.2 2014  5 29 11 48 49.000  1.8   1
      826  12.391932  -86.470654    37.014      -83.5     4828.1    29862.3   1539.8   2732.2   6167.1 2014  5 30  4  3 17.000  2.5   1
      827  12.385148  -86.500895    32.697    -3371.8     4077.6    25545.4   1082.1   2545.9   5102.4 2014  5 30 19  6 31.000  2.3   1
      830  12.308119  -86.519002     4.121    -5342.3    -4443.7    -3030.4   2160.5   1679.2   1126.0 2014  5 31  1 23 38.000  2.2   1
      831  12.349248  -86.494995    19.694    -2730.4      106.2    12542.0   1595.7   1917.5   2382.4 2014  5 31  1 40 23.000  2.5   1
      834  12.347233  -86.543368    24.724    -7991.8     -116.7    17572.1   1595.3   1114.3   3896.9 2014  5 31 16 13 35.000  1.0   1
      838  12.056006  -86.258879     6.402    22962.1   -32333.5     -749.9   4904.9   5646.0   2908.2 2014  6  1 11 50 42.000  2.1   1
      845  12.182552  -86.475846     3.965     -647.9   -18334.4    -3185.9   2263.3   2775.7   1247.8 2014  6  1 15 53 41.000  1.5   1
      848  12.347406  -86.507943    34.927    -4138.6      -97.6    27775.5   1791.8   2149.5   4302.4 2014  6  1 19 51 15.000  1.3   1
      849  12.322007  -86.497591    31.531    -3013.1    -2907.3    24379.5   1875.1   2565.5   2511.8 2014  6  1 23 37 50.000  2.1   1
      850  12.402353  -86.541903     5.002    -7831.7     5980.9    -2149.3   1893.6   2289.4   1119.4 2014  6  2  3 18 57.000  1.3   1
      851  12.469134  -86.539795    10.161    -7600.8    13368.4     3008.9   1370.5   2295.2   2570.7 2014  6  2 14 42 59.000  1.7   1
      852  12.359916  -86.506470    18.276    -3978.0     1286.4    11124.3   1398.6   1774.5   2275.2 2014  6  3  4 14 11.000  1.6   1
      853  12.238176  -86.560083    27.165    -9811.9   -12180.9    20013.3   2719.2   3317.2   2780.2 2014  6  3  5 10  0.000  2.5   1
      856  12.349309  -86.550293     0.717    -8744.4      113.0    -6434.4   1977.0   2032.3    993.0 2014  6  4  5  4 53.000  1.1   1
      857  12.474890  -86.551733     1.591    -8899.1    14005.2    -5559.9   1666.1   2036.6   1232.8 2014  6  4  7  8 12.000  1.3   1
      858  12.364368  -86.462679    11.445      784.3     1778.9     4293.4   1007.1   1297.0   2326.3 2014  6  4 12 17 42.000  1.6   1
      859  12.419063  -86.517847    46.241    -5215.4     7829.5    39088.9   1773.2   1987.0   4481.7 2014  6  4 12 30 46.000  1.4   1
      860  12.367042  -86.559180    20.960    -9710.8     2074.7    13808.4   1870.7   2697.8   5171.5 2014  6  4 15 59 12.000  1.3   1
      861  12.310345  -86.510807    13.994    -4450.9    -4197.3     6841.8   1669.2   2036.1   2988.0 2014  6  4 21 40 30.000  2.2   1
      862  12.376750  -86.586987     5.680   -12734.9     3148.5    -1471.2   1076.3   1128.3   1063.1 2014  6  5  6 31 31.000  1.0   1
      863  12.333159  -86.490715    20.529    -2264.8    -1673.6    13377.3   1671.5   1915.3   1792.8 2014  6  5  6 53 49.000  1.6   1
      864  12.393643  -86.511434    13.690    -4518.0     5017.4     6538.0    923.3   1412.7   2075.1 2014  6  5 23 20  2.000  1.6   1
      865  12.423317  -86.502035     4.012    -3495.3     8300.1    -3138.9   1453.2   1954.7   1237.4 2014  6  6  3 28 42.000  2.3   1
      866  12.354780  -86.486784     4.984    -1837.2      718.1    -2167.7   1413.1   1307.5    757.0 2014  6  8  2 14 29.000  4.0   1
      867  12.375481  -86.488436     5.236    -2017.0     3008.2    -1914.8   1402.2   1186.8    637.9 2014  6  8  2 17 49.000  3.2   1
      868  12.394279  -86.535840     0.873    -7172.1     5087.7    -6277.9    836.2    990.9    447.0 2014  6  8  2 23 19.000  1.0   1
      870  12.338669  -86.484351    24.208    -1572.9    -1064.1    17056.3   2423.0   2793.1   3569.2 2014  6  8  2 34 13.000  1.7   1
      871  12.326733  -86.554215    22.611    -9171.9    -2384.5    15458.9   1679.5   1999.3   2577.6 2014  6  8  2 40 47.000  2.0   1
      873  12.343589  -86.475293    15.918     -587.6     -519.8     8766.4   1971.4   2217.5   2656.8 2014  6  8  3 21 25.000  2.0   1
      874  12.325199  -86.493986    17.570    -2620.9    -2554.2    10417.8   1785.8   1856.2   1758.4 2014  6  8  3 25 26.000  1.9   1
      875  12.316596  -86.613753    19.473   -15648.1    -3505.8    12321.0   2673.6   2416.2   2067.4 2014  6  8  4  1 49.000  1.2   1
      877  12.343500  -86.466675     6.131      349.8     -529.7    -1020.3   1486.5   1707.6   1059.5 2014  6  8  5 14 48.000  2.7   1
      878  12.356404  -86.529728     2.847    -6508.4      897.7    -4303.8   1436.3   2353.2   1065.9 2014  6  8  7 23 21.000  1.0   1
      879  12.492419  -86.669938    10.090   -21751.5    15944.4     2938.5   1113.1   1513.1   1579.5 2014  6  8 22 30  1.000  1.5   1
      881  12.356363  -86.495565     5.989    -2792.7      893.3    -1161.9   1436.9   1593.1    947.9 2014  6  9  2  3 11.000  3.4   1
      882  12.374871  -86.528377    12.371    -6360.5     2940.7     5218.8   1400.3   1322.4   1637.1 2014  6  9  2  9 44.000  2.7   1
      883  12.382710  -86.539364    17.389    -7555.4     3807.9    10236.6   2270.8   2256.5   2206.6 2014  6  9  2 22 36.000  1.6   1
      884  12.356818  -86.529972    34.169    -6534.8      943.6    27017.1   1441.3   1873.4   4098.9 2014  6  9  5 49 17.000  1.7   1
      887  12.255904  -86.513411    12.190    -4733.9   -10219.9     5038.3   2208.7   3123.3   2283.4 2014  6  9 12 49  1.000  3.5   1
      888  12.366838  -86.468099     5.764      194.9     2052.0    -1387.1    832.3   1081.8    886.7 2014  6  9 13  2  1.000  1.1   1
      890  12.455976  -86.534855    14.688    -7064.1    11913.0     7536.4   1418.4   3728.5   2145.1 2014  6 10  5 12 44.000  1.3   1
      891  12.449698  -86.541675     3.430    -7805.8    11218.4    -3722.1   1380.6    836.2    741.3 2014  6 11  0  5 43.000  1.4   1
      892  12.333339  -86.574528     4.195   -11380.8    -1653.7    -2956.8   1700.6   2103.6    961.2 2014  6 11 16 32 45.000  1.0   1
      894  12.325371  -86.412826    61.325     6206.2    -2535.1    54173.2   1893.5   2171.9   6345.7 2014  6 12  7 35 43.000  1.3   1
      896  12.314561  -86.440153     7.483     3234.4    -3731.0      331.1   1526.9   2824.5   1824.9 2014  6 12 15 25 37.000  3.6   1
      902  12.333708  -86.455094     6.287     1609.3    -1613.0     -863.8   1369.5   2230.2    927.9 2014  6 12 20 44 49.000  3.5   1
      904  12.330148  -86.500122     8.848    -3288.5    -2006.7     1695.7    897.2    988.9   3014.0 2014  6 13 19 99 20.000  1.3   1
      906  12.382632  -86.511971    28.579    -4576.3     3799.3    21426.9   1491.8   1364.8   3973.0 2014  6 14 12  3 13.000  1.0   1
      907  12.432767  -86.521566     1.051    -5619.8     9345.4    -6100.1    844.4   1130.0    465.1 2014  6 15  2 22 59.000  1.0   1
      909  12.412198  -86.520549     2.666    -5509.4     7069.9    -4485.5   1379.7   2294.2   1664.5 2014  6 15  5 11 55.000  1.0   1
      910  12.420642  -86.652181     1.805   -19823.4     8004.1    -5346.8   1957.8   1888.6   1340.3 2014  6 15 11 52 44.000  1.7   1
      912  12.459968  -86.600317     7.041   -14182.7    12354.6     -111.4    956.2   1309.0   4464.6 2014  6 15 13  7 58.000  1.5   1
      915  12.370230  -86.433000     6.917     4011.8     2427.4     -234.4   1469.9   2319.1   1524.5 2014  6 15 14 23 26.000  1.2   1
      916  12.447323  -86.568400    10.316   -10712.0    10955.6     3164.4    848.1   1106.6   2332.9 2014  6 15 15 13 42.000  1.5   1
      917  12.363281  -86.435083    26.632     3785.8     1658.6    19480.4   1913.3   2495.5   2406.2 2014  6 16 17 53 48.000  2.3   1
      918  12.370708  -86.480379     4.490    -1140.6     2480.2    -2662.1   1487.7   1820.3    864.2 2014  6 16 19 52 36.000  1.6   1
      919  12.321474  -86.433504     6.207     3957.6    -2966.2     -943.7   1515.0   2153.8   1355.0 2014  6 17  2 54 38.000  2.0   1
      920  12.251001  -86.389323    12.015     8764.1   -10762.3     4864.0   4329.7   3151.2   3212.2 2014  6 17  3  0 52.000  1.3   1
      921  12.375623  -86.461873     2.173      872.1     3023.8    -4978.7   1457.6   1514.8    844.4 2014  6 17  3  3 44.000  1.7   1
      922  12.373300  -86.453687     4.315     1762.6     2767.0    -2837.2   1707.8   2192.9   1067.2 2014  6 17  3 18 30.000  1.5   1
      923  12.387470  -86.540340     3.224    -7661.7     4334.5    -3927.8   1434.9   1771.2   1090.8 2014  6 17  7 42 42.000  1.0   1
      924  12.732781  -86.130501     0.966    36884.9    42534.2    -6184.9   5651.9   6335.2    835.8 2014  6 18  0 17 33.000  1.1   1
      927  12.379999  -86.473934     4.627     -440.0     3508.0    -2524.6   1307.3   1711.7    887.9 2014  6 19  2 25 13.000  1.0   1
      928  12.378230  -86.490885    16.991    -2283.7     3312.3     9838.7   1165.1   1481.0   1922.1 2014  6 19  3 29 34.000  2.9   1
      929  12.303776  -86.459717     1.794     1106.0    -4924.1    -5356.7   1473.3   1338.1    552.8 2014  6 19 12  3 26.000  1.7   1
      931  12.303789  -86.454744    31.686     1647.5    -4922.7    24534.2   2509.0   3138.0   5972.5 2014  6 19 17 47 49.000  1.7   1
      932  12.370229  -86.591781     0.842   -13256.2     2427.3    -6310.2   1543.6   1553.6   1267.0 2014  6 19 18 40 36.000  1.2   1
      933  12.344226  -86.497388     5.421    -2990.5     -449.4    -1729.8   1592.8   2304.1   1120.1 2014  6 19 23 27 39.000  1.1   1
      935  12.370960  -86.514404    11.944    -4841.0     2508.1     4792.3   1449.8   2403.2   2170.7 2014  6 20  3 55 56.000  2.4   1
      936  12.349973  -86.488257     4.900    -1997.4      186.4    -2250.9   1525.3   1891.2    899.2 2014  6 20  9 41 45.000  1.8   1
      937  12.712477  -86.285547    12.412    20034.9    40288.1     5259.7   4036.2   5513.1   3648.8 2014  6 20 16 22  5.000  2.8   1
      938  12.346655  -86.492497     5.938    -2458.5     -180.7    -1213.4   1420.7   1536.4    879.9 2014  6 20 20 47 11.000  2.0   1
      939  12.319944  -86.469954     1.996       -7.2    -3135.6    -5154.6    862.7    963.2    628.4 2014  6 21  0 33  5.000  1.3   1
      940  12.393439  -86.498177     1.879    -3076.4     4994.8    -5272.1   1409.4   1823.5    622.4 2014  6 21  4 10 29.000  0.8   1
      941  12.303337  -86.460620     5.548     1008.6    -4972.7    -1604.2   1509.7   2217.5   1429.2 2014  6 21  6 20  3.000  1.7   1
      942  12.086545  -86.519897    11.739    -5441.5   -28955.1     4587.0   1987.8   3603.4   1841.3 2014  6 21  6 38 15.000  1.3   1
      943  12.343449  -86.502677     5.826    -3565.8     -535.4    -1325.0   1880.5   2063.5    971.7 2014  6 21  6 58 46.000  1.2   1
      944  12.352933  -86.468213     2.747      182.5      513.9    -4405.0   1465.5   2101.3   1362.9 2014  6 21 14  0 10.000  2.1   1
      946  12.363389  -86.477035     1.663     -776.9     1670.6    -5487.7   1562.0   2424.3    827.0 2014  6 22 20 43  1.000  2.2   1
      947  12.393291  -86.479834     1.358    -1081.2     4978.4    -5794.2   1431.7   1537.7    855.4 2014  6 23  6 24 34.000  1.3   1
      949  12.340523  -86.521541    11.589    -5617.6     -858.9     4437.0   1405.1   1706.1   3382.1 2014  6 24  1 16  3.000  1.4   1
      950  12.348120  -86.481950     2.187    -1311.8      -18.6    -4965.1   1450.4   1560.5    911.6 2014  6 24  3 16 52.000  1.7   1
      951  12.382600  -86.516683     2.409    -5088.8     3795.7    -4742.5   1485.7   1440.0    833.5 2014  6 24  5 12 30.000  1.0   1
      952  12.400884  -86.510840     1.523    -4453.5     5818.4    -5628.6   1432.0   1680.2    948.2 2014  6 24  5 14 53.000  1.1   1
      955  12.411875  -86.436532     4.622     3628.0     7034.3    -2528.9   3006.2   3296.5   1419.3 2014  6 24 10 45 29.000  1.2   1
      956  12.495474  -86.648535     7.851   -19424.4    16282.4      698.9    818.2   1886.7    828.4 2014  6 24 22 29 47.000  2.2   1
      957  12.455133  -86.662850     6.714   -20982.1    11819.6     -437.3    973.5   1606.0    877.8 2014  6 24 22 37 32.000  1.3   1
      958  12.487208  -86.623958     4.211   -16752.6    15367.9    -2941.3    872.4   1558.6    966.7 2014  6 24 23 37 35.000  2.3   1
      959  12.482540  -86.641243     5.328   -18631.5    14851.5    -1824.4    735.0   1556.2   1196.0 2014  6 24 23 43 41.000  1.8   1
      960  12.458800  -86.639071     4.122   -18396.2    12225.4    -3030.1    840.1    986.1    819.9 2014  6 24 23 47 27.000  1.1   1
      962  12.446059  -86.667171     4.867   -21452.8    10815.9    -2283.6   2488.3   2120.9   1816.3 2014  6 25  1  6 50.000  1.4   1
      963  12.490513  -86.630233     3.562   -17434.4    15733.5    -3590.2    772.9   1550.2   1066.9 2014  6 25  1 34 31.000  2.4   1
      964  12.470543  -86.640698     5.598   -18573.5    13524.4    -1553.2   1230.9   1372.6   1243.1 2014  6 25  1 45  1.000  1.5   1
      965  12.459453  -86.630046     9.540   -17415.1    12297.6     2388.3   1095.1   1476.5   1654.5 2014  6 25  2  9 12.000  0.9   1
      968  12.450729  -86.660522     5.938   -20729.7    11332.5    -1213.2    703.4    839.0    730.7 2014  6 25  6 26  7.000  0.7   1
      969  12.485184  -86.629338     5.188   -17337.0    15144.0    -1963.9    463.7   1462.1    481.4 2014  6 25  9 25 58.000  1.7   1
      970  12.461223  -86.639193     2.243   -18409.6    12493.4    -4908.2    752.9   1479.6    590.6 2014  6 25 11 12 17.000  1.5   1
      971  12.445306  -86.526497     1.764    -6155.9    10732.5    -5386.9   1263.1   1914.0    672.5 2014  6 26  6 12 51.000  0.9   1
      974  12.231089  -86.355876    10.650    12402.9   -12965.0     3497.9   1426.5   1442.3   2562.8 2014  6 26  7  0 32.000  2.5   1
      975  12.450004  -86.649577     2.151   -19539.4    11252.3    -4999.9   1188.7   2037.9    714.5 2014  6 26 10  6 35.000  0.9   1
      976  12.388600  -86.469214     4.903       73.1     4459.4    -2249.0    757.1   1033.3    817.4 2014  6 26 12  3 31.000  1.0   1
      977  12.095840  -86.606795    26.281   -14896.9   -27926.8    19129.4   3063.6   4112.4   2466.7 2014  6 26 19  1 25.000  2.0   1
      978  12.489450  -86.624512     3.865   -16812.6    15615.9    -3287.0    842.2   1377.3   1152.7 2014  6 26 20 51 57.000  1.9   1
      979  12.485099  -86.628752     5.831   -17273.6    15134.6    -1320.0   1428.7   5879.6   1494.7 2014  6 28  5  9 48.000  1.9   1
      980  12.488305  -86.628996     5.875   -17300.2    15489.2    -1276.0    922.1   1211.7    985.1 2014  6 28  5 25 42.000  1.8   1
      981  12.502547  -86.619230    45.671   -16237.4    17064.8    38519.4    852.7   1885.8   5637.5 2014  6 29  2 46 58.000  1.3   1
      984  12.421726  -86.550309     0.342    -8745.0     8124.1    -6809.9   2442.7   2156.2   1858.3 2014  6 30  7 21 56.000  1.0   1
      985  12.359375  -86.495890     6.547    -2827.5     1226.5     -604.3   1037.4   1569.8   1228.7 2014  6 30  8  1 29.000  0.9   1
      987  12.350558  -86.420353     2.021     5387.8      251.2    -5129.8    808.2   1025.2    614.4 2014  6 30 12 11 48.000  1.2   1
      988  12.389452  -86.471834     1.309     -211.8     4553.7    -5842.2   1463.5   2080.8    941.9 2014  6 30 21 55 24.000  1.0   1
