        1  12.363044  -86.463973     4.315     1003.7    -1807.1    -2365.5      0.0      0.0      0.0 2014  4 10 18 43 54.000  4.0   1
        5  12.410231  -86.541414     4.453    -7417.9     3412.8    -2227.2      0.0      0.0      0.0 2014  4 10 23 35  2.000  4.4   1
       12  12.362504  -86.475155     2.265     -212.0    -1866.9    -4414.8      0.0      0.0      0.0 2014  4 11  0  1 22.000  5.0   1
       13  12.348071  -86.523470     0.227    -5466.5    -3463.5    -6452.6      0.3      0.4      0.1 2014  4 11  0 12 13.000  3.6   1
       14  12.402127  -86.535938     2.298    -6821.8     2516.3    -4381.9      0.0      0.0      0.0 2014  4 11  0 28 46.000  5.0   1
       15  12.415725  -86.486556     4.487    -1452.5     4020.6    -2192.4      0.0      0.0      0.0 2014  4 11  0 39 46.000  3.9   1
       20  12.392908  -86.518384     5.408    -4913.6     1496.4    -1272.6      0.0      0.0      0.0 2014  4 11  1  4  8.000  3.3   1
       23  12.398629  -86.516398    10.426    -4697.8     2129.3     3745.2      0.2      0.2      0.4 2014  4 11  1 24 44.000  4.0   1
       44  12.404689  -86.504744    15.151    -3429.7     2799.8     8470.8      0.0      0.0      0.0 2014  4 11  3 49 57.000  3.9   1
       45  12.417232  -86.529696     4.328    -6142.8     4187.3    -2352.7      0.0      0.0      0.0 2014  4 11  4  3 25.000  3.1   1
       47  12.422039  -86.519279     5.320    -5010.2     4719.0    -1360.4      0.0      0.0      0.0 2014  4 11  4 27 29.000  2.5   1
       50  12.428128  -86.500635    14.866    -2982.7     5392.7     8185.2      0.0      0.0      0.0 2014  4 11  5 23 41.000  3.8   1
       56  12.351216  -86.455859     2.344     1886.3    -3115.7    -4335.1      0.0      0.0      0.0 2014  4 11  6 44 11.000  3.2   1
       62  12.286821  -86.467391    11.563      632.0   -10239.3     4883.0      0.3      0.2      0.4 2014  4 11  7 44 58.000  3.0   1
       70  12.362037  -86.430827     1.037     4608.6    -1918.5    -5641.9      0.0      0.0      0.0 2014  4 11  9  6 43.000  4.3   1
       81  12.348194  -86.464087     2.171      991.1    -3450.0    -4508.5      0.0      0.0      0.0 2014  4 11 11  4 50.000  2.7   1
       86  12.393251  -86.509538     5.351    -3951.5     1534.4    -1328.9      0.0      0.0      0.0 2014  4 11 11 45 31.000  3.0   1
       88  12.324241  -86.501652     2.499    -3094.7    -6099.7    -4180.9      0.0      0.0      0.0 2014  4 11 12 20 41.000  2.9   1
       89  12.272678  -86.465584     3.296      828.9   -11803.9    -3383.9      0.0      0.0      0.0 2014  4 11 12 25 59.000  4.1   1
       91  12.431792  -86.473942     0.397      -80.7     5798.0    -6282.3      0.0      0.0      0.0 2014  4 11 12 52 31.000  3.0   1
       97  12.342262  -86.483464     3.556    -1116.1    -4106.2    -3124.6      0.0      0.0      0.0 2014  4 11 14 28  4.000  3.3   1
      104  12.417492  -86.510286     3.402    -4032.8     4216.0    -3278.2      0.0      0.0      0.0 2014  4 11 16 32 53.000  3.8   1
      109  12.361724  -86.485197     3.455    -1304.9    -1953.2    -3224.9      0.0      0.0      0.0 2014  4 11 18 17 18.000  4.4   1
      113  12.361773  -86.501009    16.428    -3024.4    -1947.8     9747.8      0.0      0.0      0.0 2014  4 11 19  3 38.000  3.8   1
      119  12.372232  -86.490837     4.533    -1918.0     -790.7    -2147.0      0.0      0.0      0.0 2014  4 11 20  5 15.000  3.7   1
      120  12.337873  -86.447843     1.043     2757.6    -4591.7    -5636.1      0.0      0.0      0.0 2014  4 11 20  8 43.000  3.2   1
      130  12.400113  -86.501880     4.525    -3118.3     2293.5    -2155.6      0.0      0.0      0.0 2014  4 11 22 40  1.000  2.7   1
      140  12.334454  -86.438208     1.177     3806.0    -4969.9    -5502.1      0.0      0.0      0.0 2014  4 12  3 29 21.000  3.7   1
      164  12.313895  -86.445304     3.516     3034.0    -7244.3    -3164.1      0.0      0.0      0.0 2014  4 12 13 39 29.000  3.4   1
      165  12.343796  -86.510433     2.536    -4049.0    -3936.5    -4143.6      0.0      0.0      0.0 2014  4 12 14 17 50.000  2.8   1
      171  12.376074  -86.529948     3.627    -6171.2     -365.8    -3053.6      0.0      0.0      0.0 2014  4 12 19 55 48.000  2.6   1
      179  12.396238  -86.523861    17.845    -5508.6     1864.9    11164.9      0.0      0.0      0.0 2014  4 13  1 29 46.000  2.6   1
      194  12.376085  -86.451847     4.279     2322.5     -364.5    -2401.8      0.0      0.0      0.0 2014  4 13  5 10 18.000  3.3   1
      195  12.367065  -86.461328     3.473     1290.9    -1362.3    -3207.2      0.0      0.0      0.0 2014  4 13  5 41  4.000  3.4   1
      196  12.365569  -86.471623     5.267      171.8    -1527.8    -1413.0      0.0      0.0      0.0 2014  4 13  5 54 36.000  3.6   1
      205  12.359253  -86.471509     2.270      183.9    -2226.5    -4409.6      0.0      0.0      0.0 2014  4 13  7 19 34.000  2.5   1
      210  12.426490  -86.527962     4.441    -5954.4     5211.5    -2239.1      0.0      0.1      0.1 2014  4 13  7 57 47.000  3.6   1
      218  12.363872  -86.511784     5.357    -4196.2    -1715.6    -1323.7      0.0      0.0      0.0 2014  4 13  9 54  4.000  2.7   1
      225  12.394371  -86.538639     5.356    -7116.4     1658.2    -1324.4      0.0      0.0      0.0 2014  4 13 14 46 27.000  3.6   1
      235  12.336250  -86.441243     4.474     3476.1    -4771.2    -2206.2      0.0      0.0      0.0 2014  4 13 23 40 11.000  3.6   1
      236  12.371866  -86.482406     5.260    -1000.7     -831.3    -1420.0      0.0      0.0      0.0 2014  4 13 23 50 20.000  3.5   1
      237  12.366375  -86.480998     4.173     -847.4    -1438.7    -2507.8      0.0      0.0      0.0 2014  4 14  0  4 51.000  3.4   1
      239  12.386200  -86.494922     1.762    -2362.4      754.4    -4917.3      0.0      0.1      0.0 2014  4 14  1 14 52.000  2.7   1
      240  12.323601  -86.494792    12.095    -2347.9    -6170.5     5415.0      0.0      0.0      0.0 2014  4 14  1 25 47.000  2.5   1
      272  12.435178  -86.526790     5.299    -5827.4     6172.5    -1381.3      0.0      0.0      0.0 2014  4 14  7 41 56.000  2.6   1
      276  12.339719  -86.484359     5.362    -1213.6    -4387.5    -1318.5      0.0      0.1      0.0 2014  4 14  8 32 35.000  2.6   1
      336  12.363027  -86.454614     4.284     2021.0    -1809.1    -2396.0      0.0      0.0      0.0 2014  4 15  3  2 30.000  2.6   1
      364  12.399597  -86.457275    18.531     1732.1     2236.5    11850.8      0.0      0.0      0.0 2014  4 15 13 14  9.000  2.5   1
      365  12.375825  -86.465885    18.652      795.8     -393.3    11971.2      0.0      0.0      0.0 2014  4 15 13 17 49.000  3.2   1
      369  12.325595  -86.509074    17.361    -3901.7    -5950.0    10680.1      0.0      0.0      0.0 2014  4 15 18  8 46.000  2.7   1
      370  12.415397  -86.517603     5.343    -4827.9     3984.3    -1337.8      0.0      0.0      0.0 2014  4 15 18 30 44.000  3.2   1
      371  12.424370  -86.526270     2.026    -5770.4     4976.9    -4653.3      0.0      0.0      0.0 2014  4 15 18 50  4.000  2.8   1
      374  12.385979  -86.484155    17.373    -1191.0      730.0    10693.1      0.0      0.0      0.0 2014  4 15 19 54 59.000  2.6   1
      379  12.294695  -86.490405     4.516    -1871.1    -9368.2    -2164.1      0.0      0.0      0.0 2014  4 16  4 22 45.000  2.5   1
      393  12.386725  -86.471525     2.305      182.2      812.5    -4374.7      0.0      0.0      0.0 2014  4 16 17  9  6.000  3.1   1
      422  12.363299  -86.462451     4.438     1168.7    -1779.1    -2242.8      0.0      0.0      0.0 2014  4 17 14 27 28.000  3.3   1
      423  12.383763  -86.454012     2.245     2086.7      484.8    -4434.0      0.0      0.0      0.0 2014  4 17 15 45  8.000  3.0   1
      434  12.363931  -86.493107     2.340    -2164.4    -1709.1    -4339.2      0.0      0.0      0.0 2014  4 18  0 19  5.000  3.9   1
      436  12.297378  -86.472437     2.382       82.8    -9071.5    -4297.0      0.0      0.0      0.0 2014  4 18  1 37 53.000  2.8   1
      446  12.344381  -86.472095     4.444      120.7    -3871.8    -2236.5      0.0      0.0      0.0 2014  4 18 12 21 58.000  4.4   1
      448  12.312244  -86.463175     4.513     1090.4    -7427.0    -2166.9      0.0      0.0      0.0 2014  4 18 12 32 51.000  3.0   1
      470  12.342359  -86.503947     1.311    -3343.9    -4095.4    -5368.3      0.0      0.0      0.0 2014  4 19 13 44 28.000  3.9   1
      479  12.325330  -86.500000    13.456    -2914.2    -5979.3     6775.2      0.0      0.0      0.0 2014  4 20  0 23  5.000  2.5   1
      480  12.432776  -86.509912    14.591    -3991.5     5906.9     7911.0      0.0      0.0      0.0 2014  4 20  0 27 38.000  2.6   1
      483  12.377041  -86.479517     5.273     -686.9     -258.8    -1407.6      0.0      0.0      0.0 2014  4 20  4 24  4.000  2.9   1
      489  12.405246  -86.528459     5.345    -6008.6     2861.4    -1335.5      0.0      0.0      0.0 2014  4 20 11 43 41.000  2.5   1
      492  12.393223  -86.510270     4.469    -4031.2     1531.3    -2211.9      0.0      0.0      0.0 2014  4 20 14 42 22.000  3.0   1
      512  12.428583  -86.538867    17.123    -7140.4     5443.0    10442.6      0.0      0.0      0.0 2014  4 22  1 45 11.000  3.0   1
      513  12.359451  -86.498527    15.443    -2754.1    -2204.6     8763.0      0.0      0.0      0.1 2014  4 22  4 14 50.000  2.6   1
      533  12.335957  -86.491520     2.444    -1992.5    -4803.7    -4235.9      0.0      0.0      0.0 2014  4 22 11 30 24.000  2.8   1
      544  12.341835  -86.522762     2.637    -5389.8    -4153.5    -4042.1      0.0      0.0      0.0 2014  4 23  3 54 40.000  2.9   1
      545  12.374007  -86.531787     3.522    -6370.8     -594.4    -3158.0      0.0      0.0      0.0 2014  4 23  4  4 13.000  2.8   1
      547  12.447729  -86.517407    18.397    -4806.5     7561.0    11716.4      0.0      0.0      0.0 2014  4 23  4 49 10.000  2.5   1
      555  12.422508  -86.494271    14.176    -2291.2     4770.9     7495.4      0.0      0.1      0.1 2014  4 23 20  2 48.000  2.9   1
      560  12.372884  -86.474373     3.386     -127.5     -718.6    -3294.0      0.0      0.0      0.0 2014  4 24  3 35 53.000  3.3   1
      594  12.346052  -86.482845     2.347    -1048.5    -3686.9    -4331.9      0.0      0.0      0.0 2014  4 26  9 33  5.000  3.6   1
      597  12.386873  -86.485588    17.298    -1346.6      828.9    10617.7      0.0      0.0      0.0 2014  4 27  2  0 46.000  2.5   1
      599  12.349927  -86.486060     3.488    -1398.2    -3258.3    -3192.3      0.0      0.0      0.0 2014  4 27  2  6 25.000  3.2   1
      610  12.365734  -86.489860     4.599    -1811.7    -1509.6    -2081.6      0.1      0.2      0.1 2014  4 28 10  3 52.000  2.8   1
      620  12.295984  -86.513371    17.305    -4369.1    -9225.6    10624.6      0.0      0.0      0.0 2014  4 29  3 43 18.000  2.6   1
      627  12.389603  -86.525553     5.314    -5693.0     1130.9    -1366.2      0.0      0.0      0.0 2014  4 30  0 51 51.000  2.5   1
      631  12.331944  -86.472030     5.402      127.1    -5247.6    -1278.7      0.0      0.0      0.0 2014  4 30  8 15 49.000  2.6   1
      641  12.276038  -86.530672    15.739    -6250.9   -11432.2     9058.2      0.0      0.0      0.0 2014  5  1 13 23 51.000  2.5   1
      647  12.321589  -86.496680     2.333    -2553.3    -6393.1    -4346.6      0.0      0.0      0.0 2014  5  1 14 11  5.000  3.1   1
      648  12.403442  -86.539730     4.472    -7234.8     2661.9    -2208.6      0.0      0.0      0.0 2014  5  1 17 49 55.000  3.5   1
      663  12.392818  -86.536540     5.553    -6887.5     1486.5    -1127.5      0.0      0.0      0.0 2014  5  2  4 21 56.000  3.9   1
      736  12.323777  -86.451750     5.315     2332.9    -6151.1    -1365.7      0.0      0.0      0.0 2014  5 14 11 16 34.000  2.8   1
      775  12.408170  -86.474569    15.699     -148.7     3184.8     9018.7      0.0      0.0      0.0 2014  5 21 23  0 60.000  4.2   1
      793  12.373217  -86.520858     1.265    -5182.3     -681.8    -5413.9      0.0      0.0      0.0 2014  5 25 16 48 49.000  2.7   1
      794  12.380206  -86.498722    18.888    -2775.2       91.4    12207.5      0.0      0.0      0.0 2014  5 25 17 11 43.000  4.0   1
      796  12.373625  -86.532414     1.346    -6439.4     -636.8    -5333.7      0.0      0.0      0.0 2014  5 25 17 40  6.000  2.7   1
      799  12.418152  -86.562939     4.538    -9758.0     4289.1    -2142.6      0.0      0.0      0.0 2014  5 26  0  4 12.000  2.5   1
      853  12.376760  -86.485555    12.918    -1343.2     -289.9     6238.0      0.0      0.0      0.0 2014  6  3  5 10  0.000  2.5   1
      866  12.365491  -86.498755     5.356    -2778.8    -1536.5    -1324.1      0.0      0.0      0.0 2014  6  8  2 14 29.000  4.0   1
      881  12.355965  -86.520402     5.645    -5133.0    -2590.3    -1034.4      0.0      0.0      0.0 2014  6  9  2  3 11.000  3.4   1
      887  12.345120  -86.484001    12.244    -1174.2    -3790.0     5563.5      0.0      0.0      0.1 2014  6  9 12 49  1.000  3.5   1
      896  12.364492  -86.471794     5.213      153.3    -1647.0    -1467.4      0.0      0.0      0.0 2014  6 12 15 25 37.000  3.6   1
      928  12.353606  -86.496468    11.130    -2530.6    -2851.3     4449.8      0.0      0.0      0.0 2014  6 19  3 29 34.000  2.9   1
      937  12.309073  -86.493864    15.461    -2246.9    -7777.7     8780.9      0.0      0.0      0.0 2014  6 20 16 22  5.000  2.8   1
