       42  12.253365  -86.393823     4.970    -4027.1     1843.4    -2721.1     30.5     41.9     17.6 2014  4 11  3 31 42.000  3.9   2
       48  12.288745  -86.410645     5.539    -5856.5     5757.3    -2151.8     29.3     40.6     17.9 2014  4 11  4 35  9.000  3.1   2
       49  12.288944  -86.380778     5.545    -2607.1     5779.3    -2145.0     29.6     40.5     19.5 2014  4 11  5 20 13.000  2.7   2
       51  12.307756  -86.373910     3.202    -1860.3     7860.2    -4489.5     35.9     45.4     26.9 2014  4 11  5 29 38.000  2.7   2
       52  12.266917  -86.398600    12.624    -4546.8     3342.6     4932.8     54.5     90.1     74.3 2014  4 11  5 33 50.000  3.1   2
       53  12.294325  -86.382202     5.703    -2762.7     6374.5    -1987.8     30.1     40.4     19.9 2014  4 11  5 43 21.000  3.0   2
       69  12.287658  -86.415047    13.382    -6335.7     5637.0     5690.6     50.0     68.1     71.1 2014  4 11  9  1  7.000  2.7   2
       96  12.260853  -86.439730     4.758    -9022.0     2671.7    -2933.7     32.8     45.6     24.2 2014  4 11 14 10 36.000  2.6   2
       99  12.262920  -86.390137    11.421    -3625.6     2900.4     3729.1     85.5     99.5    109.8 2014  4 11 14 52 41.000  3.3   2
      102  12.258875  -86.434391    13.609    -8441.0     2452.8     5917.6     55.0     69.6     75.8 2014  4 11 15 56 52.000  3.3   2
      110  12.272706  -86.442375     7.113    -9309.7     3982.9     -578.3    265.0    111.9   1794.8 2014  4 11 18 22 53.000  2.8   2
      123  12.285616  -86.415169     1.818    -6349.5     5411.0    -5873.7     47.1     62.0     24.1 2014  4 11 21 38 53.000  3.3   2
      126  12.284235  -86.357365     3.201      -60.1     5258.3    -4490.7     39.4     54.1     68.0 2014  4 11 21 51 32.000  3.7   2
      132  12.230340  -86.417008    13.513    -6550.1     -703.8     5821.1    124.2    146.0     71.9 2014  4 12  0  8 11.000  4.1   2
      133  12.300167  -86.431551    11.264    -8131.1     7020.8     3572.7    140.3    164.0    157.9 2014  4 12  0 16 55.000  3.3   2
      134  12.260183  -86.419222     5.688    -6790.7     2597.5    -2002.3     30.7     41.8     17.5 2014  4 12  0 21 37.000  4.0   2
      137  12.282435  -86.409318    15.575    -5712.5     5059.2     7884.0     49.0     64.0     67.6 2014  4 12  2 50 42.000  2.9   2
      141  12.259539  -86.439429    13.395    -8989.4     2526.3     5703.4     52.2     71.3     70.7 2014  4 12  3 40 38.000  3.3   2
      155  12.262153  -86.418481     8.265    -6710.0     2815.5      573.8     33.6     45.6    255.3 2014  4 12 10  2  9.000  3.2   2
      157  12.294152  -86.386825     2.109    -3265.5     6355.3    -5582.5     31.8     42.4     51.8 2014  4 12 10 23 13.000  2.7   2
      178  12.286876  -86.393319     4.835    -3971.9     5550.5    -2856.4     30.1     40.6     18.1 2014  4 13  1 20  6.000  4.3   2
      183  12.266096  -86.421517     5.646    -7040.1     3251.7    -2044.0     29.7     41.3     16.7 2014  4 13  2  7 37.000  3.4   2
      228  12.268524  -86.401530    11.863    -4865.6     3520.3     4171.4     77.4     89.8    109.9 2014  4 13 17 41 35.000  3.1   2
      238  12.278648  -86.428516     5.639    -7800.9     4640.2    -2051.6     30.8     42.3     18.9 2014  4 14  0 27 46.000  2.6   2
      245  12.303167  -86.387435     5.607    -3331.4     7352.6    -2083.2     31.8     42.2     20.4 2014  4 14  4 12 24.000  4.4   2
      248  12.263763  -86.386206     4.880    -3198.5     2993.7    -2811.3     29.3     40.0     16.8 2014  4 14  5  7  3.000  5.6   2
      249  12.258650  -86.403215     2.428    -5049.0     2428.0    -5263.4     31.0     42.3     38.3 2014  4 14  5 11  6.000  3.1   2
      250  12.287426  -86.380623     5.621    -2591.0     5611.3    -2069.9     31.8     41.3     18.7 2014  4 14  5 17  7.000  2.9   2
      251  12.268236  -86.404012     8.558    -5135.6     3488.5      866.6     32.0     42.5    123.8 2014  4 14  5 25 27.000  3.1   2
      252  12.276832  -86.393294     4.804    -3969.4     4439.4    -2887.2     29.5     40.5     18.2 2014  4 14  5 39 43.000  3.0   2
      253  12.284472  -86.394718     0.659    -4124.2     5284.5    -7031.4    124.8    179.0     32.2 2014  4 14  5 43 53.000  4.6   2
      254  12.277512  -86.401449     5.599    -4856.5     4514.5    -2091.2     30.0     41.1     17.7 2014  4 14  5 49 29.000  3.5   2
      255  12.280952  -86.382349    13.655    -2778.7     4895.2     5963.6    106.7    117.8     73.8 2014  4 14  5 54 58.000  2.5   2
      256  12.281891  -86.377995     5.643    -2305.0     4999.0    -2047.2     29.7     40.0     18.1 2014  4 14  5 59 25.000  3.5   2
      257  12.236835  -86.419051    12.888    -6771.7       14.8     5196.7     61.5     75.0     88.0 2014  4 14  6  5 24.000  3.5   2
      258  12.244222  -86.404801     7.618    -5221.6      832.0      -73.6     31.6     42.9    129.1 2014  4 14  6 12 31.000  4.0   2
      259  12.272004  -86.389917    13.951    -3602.2     3905.4     6259.3    113.0    114.4    175.6 2014  4 14  6 20 56.000  3.5   2
      261  12.241111  -86.419759    16.658    -6849.2      487.8     8966.2     46.7     64.5     49.1 2014  4 14  6 31  1.000  2.9   2
      262  12.221764  -86.424658    15.134    -7382.6    -1652.4     7442.7    132.2    144.7    183.7 2014  4 14  6 34 11.000  3.0   2
      263  12.263373  -86.395280     4.849    -4185.9     2950.5    -2842.1     29.5     40.4     16.7 2014  4 14  6 39  2.000  2.8   2
      265  12.263538  -86.388314     4.766    -3427.7     2968.7    -2925.7     30.4     41.0     17.6 2014  4 14  6 52 26.000  3.2   2
      267  12.268749  -86.393368     5.514    -3976.9     3545.2    -2177.5     30.4     41.1     17.5 2014  4 14  7 10  5.000  3.1   2
      270  12.255740  -86.393880     4.827    -4033.0     2106.2    -2864.8     29.5     41.1     17.2 2014  4 14  7 27 46.000  2.7   2
      271  12.274544  -86.386157     5.573    -3192.4     4186.3    -2117.5     29.3     40.2     17.4 2014  4 14  7 36 13.000  3.1   2
      279  12.208831  -86.425675    20.178    -7493.4    -3083.1    12486.8    395.0    376.5    548.5 2014  4 14  8 49 18.000  2.7   2
      282  12.274083  -86.385482     5.571    -3119.1     4135.3    -2120.0     29.3     40.1     17.8 2014  4 14  9  5 18.000  3.3   2
      284  12.276121  -86.392969     5.785    -3934.0     4360.7    -1906.0     29.3     40.1     16.9 2014  4 14  9 23 45.000  3.0   2
      291  12.286449  -86.412760     3.515    -6087.5     5503.2    -4175.3     40.8     48.2     27.3 2014  4 14 11 32  4.000  3.0   2
      292  12.246340  -86.452222    17.318   -10381.5     1066.3     9626.9     66.0     76.1     83.7 2014  4 14 11 36 40.000  3.3   2
      293  12.278612  -86.411776     5.559    -5980.3     4636.4    -2131.6     31.0     42.0     18.0 2014  4 14 11 54 22.000  3.0   2
      294  12.281388  -86.416146     0.630    -6455.1     4943.4    -7060.1    121.0    164.4     28.1 2014  4 14 12 36 25.000  3.8   2
      295  12.260920  -86.395394     5.708    -4197.8     2679.2    -1982.9     29.7     41.3     18.8 2014  4 14 12 44 18.000  2.7   2
      300  12.258879  -86.402059     4.759    -4923.4     2453.3    -2932.9     29.9     41.5     17.4 2014  4 14 13 50 15.000  3.2   2
      304  12.264756  -86.397803     5.410    -4460.0     3103.5    -2281.1     31.2     42.2     18.5 2014  4 14 15 54 21.000  3.6   2
      305  12.258634  -86.396989     8.797    -4371.8     2426.3     1105.4     75.4     87.9    125.2 2014  4 14 16 21 47.000  2.7   2
      306  12.273419  -86.424764     4.848    -7393.6     4061.8    -2843.6     31.7     42.6     18.3 2014  4 14 17  0 57.000  2.9   2
      310  12.271458  -86.409709     9.027    -5755.5     3844.8     1335.3     30.6     42.7    123.2 2014  4 14 18 14 22.000  3.7   2
      317  12.286559  -86.412752     5.549    -6086.5     5515.4    -2141.1     29.3     40.7     17.4 2014  4 14 20 51 29.000  3.3   2
      320  12.282772  -86.406445     4.763    -5400.4     5096.4    -2928.8     46.5     53.9     18.3 2014  4 14 21 40 33.000  3.4   2
      323  12.234482  -86.423315    14.556    -7235.9     -245.5     6864.8     55.3     71.0     73.3 2014  4 14 22 19 29.000  2.9   2
      330  12.262497  -86.425448    11.935    -7467.6     2853.5     4243.4     67.5     77.7    101.5 2014  4 15  0 53 43.000  2.5   2
      341  12.276113  -86.428979    14.828    -7852.2     4359.8     7136.4     64.4     73.8     91.4 2014  4 15  4  0 46.000  2.7   2
      342  12.236306  -86.363306     5.744     -706.7      -43.8    -1946.0     41.3     49.3     27.9 2014  4 15  4 15 46.000  2.6   2
      343  12.223609  -86.364852     5.747     -874.6    -1448.2    -1943.6     42.7     52.4     30.5 2014  4 15  4 28  7.000  4.2   2
      348  12.203281  -86.369914     5.913    -1426.0    -3697.1    -1777.3     97.5    115.7     35.0 2014  4 15  7  4  5.000  3.5   2
      360  12.263030  -86.407275     1.059    -5490.4     2912.6    -6632.6     49.3     57.7     37.5 2014  4 15 12  2  0.000  2.7   2
      362  12.277850  -86.391618     5.603    -3787.2     4552.0    -2088.0     29.2     40.1     17.0 2014  4 15 12 48 12.000  3.3   2
      398  12.201474  -86.402970     5.793    -5022.9    -3897.0    -1897.7     99.7    118.9     40.8 2014  4 16 22 44 53.000  2.8   2
      408  12.253591  -86.406681    14.952    -5426.0     1868.4     7260.6     47.4     63.0     60.0 2014  4 17  4 34 41.000  2.5   2
      415  12.156109  -86.401416  3158.938    -4853.8    -8915.4  3151247.0    112.2    199.9   7376.2 2014  4 17  9  7 38.000  2.5   2
      419  12.181793  -86.390649     6.072    -3682.1    -6074.2    -1618.9    103.7    121.2     42.2 2014  4 17 10 36 59.000  2.5   2
      429  12.201608  -86.402262     2.551    -4945.7    -3882.1    -5140.1     99.7    118.9     83.7 2014  4 17 22 32 17.000  3.7   2
      433  12.201847  -86.400350     3.800    -4737.3    -3855.6    -3891.5     99.7    118.5     78.0 2014  4 17 23 42 21.000  2.5   2
      449  12.269134  -86.409489    15.508    -5731.6     3587.7     7816.7     48.9     67.2     65.0 2014  4 18 14  9 20.000  2.6   2
      658  12.264258  -86.413005     4.889    -6113.5     3048.4    -2803.0     29.6     41.0     16.5 2014  5  2  2 48 41.000  3.6   2
      738  12.266671  -86.401929     2.755    -4908.5     3315.3    -4936.1     32.9     42.5     44.2 2014  5 15  1 49 57.000  2.5   2
      837  12.278636  -86.424268     3.509    -7338.7     4638.9    -4182.8     31.0     42.0     17.8 2014  6  1 11 38 16.000  3.6   2
      974  12.251583  -86.405981     4.929    -5349.7     1646.2    -2762.3     33.7     44.0     20.5 2014  6 26  7  0 32.000  2.5   2
