       42  12.252438  -86.392082     4.983    -3837.3     1740.8    -2708.4     16.1     41.4      8.7 2014  4 11  3 31 42.000  3.9   2
       48  12.287807  -86.408887     5.543    -5665.4     5653.5    -2147.3     15.8     40.8      9.0 2014  4 11  4 35  9.000  3.1   2
       49  12.288107  -86.378963     5.547    -2409.8     5686.7    -2143.3     15.0     40.2     10.5 2014  4 11  5 20 13.000  2.7   2
       51  12.306646  -86.371997     3.215    -1652.4     7737.5    -4476.7     17.5     40.4     14.0 2014  4 11  5 29 38.000  2.7   2
       52  12.266496  -86.396696    12.530    -4339.3     3296.0     4838.7     25.2     45.3     35.1 2014  4 11  5 33 50.000  3.1   2
       53  12.293378  -86.380428     5.711    -2569.6     6269.7    -1979.5     15.3     39.8     11.3 2014  4 11  5 43 21.000  3.0   2
       69  12.286163  -86.413672    13.460    -6186.3     5471.6     5768.2     30.3     50.0     46.4 2014  4 11  9  1  7.000  2.7   2
       96  12.259842  -86.438371     4.780    -8873.4     2559.9    -2911.3     18.5     42.7     12.5 2014  4 11 14 10 36.000  2.6   2
       99  12.257851  -86.391488    11.498    -3772.7     2339.7     3806.5     43.3     56.6     54.4 2014  4 11 14 52 41.000  3.3   2
      102  12.257141  -86.433097    13.762    -8299.7     2261.1     6070.4     32.0     50.1     46.1 2014  4 11 15 56 52.000  3.3   2
      123  12.282740  -86.414958     1.827    -6326.4     5092.9    -5864.4     25.1     43.9     36.5 2014  4 11 21 38 53.000  3.3   2
      126  12.283344  -86.355672     3.193      124.3     5159.7    -4498.1     19.9     41.5     36.2 2014  4 11 21 51 32.000  3.7   2
      132  12.202056  -86.435164    13.309    -8525.5    -3832.6     5617.3     79.4     86.1    272.3 2014  4 12  0  8 11.000  4.1   2
      133  12.298024  -86.430778    12.042    -8047.6     6783.7     4351.0     38.5     53.8    140.5 2014  4 12  0 16 55.000  3.3   2
      134  12.259418  -86.417391     5.684    -6591.1     2513.0    -2006.0     16.9     41.8      8.8 2014  4 12  0 21 37.000  4.0   2
      137  12.281175  -86.407992    15.641    -5568.4     4919.8     7949.3     30.2     49.2     44.9 2014  4 12  2 50 42.000  2.9   2
      141  12.257570  -86.438029    13.542    -8837.0     2308.6     5850.6     31.2     52.0     45.1 2014  4 12  3 40 38.000  3.3   2
      155  12.261181  -86.416805     8.731    -6527.1     2708.0     1039.1     17.8     41.9    108.7 2014  4 12 10  2  9.000  3.2   2
      157  12.293070  -86.384871     2.237    -3052.5     6235.7    -5454.8     16.0     40.6     28.4 2014  4 12 10 23 13.000  2.7   2
      178  12.285999  -86.391520     4.843    -3776.1     5453.4    -2848.9     15.6     40.8      9.1 2014  4 13  1 20  6.000  4.3   2
      183  12.265158  -86.419670     5.648    -6839.2     3148.0    -2042.4     16.6     41.8      8.4 2014  4 13  2  7 37.000  3.4   2
      228  12.264843  -86.401986    11.871    -4915.0     3113.1     4179.6     45.6     57.8     54.4 2014  4 13 17 41 35.000  3.1   2
      238  12.277646  -86.426709     5.642    -7604.5     4529.4    -2048.3     17.0     41.8      9.3 2014  4 14  0 27 46.000  2.6   2
      245  12.302128  -86.385718     5.621    -3145.2     7237.7    -2069.6     15.8     40.4     11.0 2014  4 14  4 12 24.000  4.4   2
      248  12.262845  -86.384342     4.885    -2995.8     2892.1    -2806.1     15.4     40.8      8.3 2014  4 14  5  7  3.000  5.6   2
      249  12.257946  -86.401343     2.486    -4844.7     2350.1    -5205.2     16.6     41.6     21.5 2014  4 14  5 11  6.000  3.1   2
      250  12.286264  -86.378833     5.647    -2396.0     5482.8    -2043.0     15.7     40.5      9.5 2014  4 14  5 17  7.000  2.9   2
      251  12.267325  -86.402246     8.624    -4943.5     3387.7      932.9     17.0     41.3     61.8 2014  4 14  5 25 27.000  3.1   2
      252  12.275366  -86.391398     4.840    -3762.7     4277.2    -2851.2     15.6     40.7      9.3 2014  4 14  5 39 43.000  3.0   2
      253  12.284368  -86.395142     0.615    -4170.6     5273.0    -7075.1     48.5     73.1     13.2 2014  4 14  5 43 53.000  4.6   2
      254  12.276749  -86.399528     5.595    -4647.8     4430.2    -2095.2     15.9     41.0      8.6 2014  4 14  5 49 29.000  3.5   2
      255  12.285611  -86.375879    13.720    -2074.9     5410.5     6028.9     64.9     77.3     48.2 2014  4 14  5 54 58.000  2.5   2
      256  12.280924  -86.376204     5.654    -2110.1     4892.1    -2036.5     15.1     40.5      9.2 2014  4 14  5 59 25.000  3.5   2
      257  12.236265  -86.416951    12.843    -6543.7      -48.3     5151.3     25.7     47.6     32.6 2014  4 14  6  5 24.000  3.5   2
      258  12.243506  -86.403092     7.708    -5035.8      752.7       16.1     16.9     41.5     71.3 2014  4 14  6 12 31.000  4.0   2
      259  12.261655  -86.393327    12.027    -3973.4     2760.4     4335.3     55.2     69.2    148.5 2014  4 14  6 20 56.000  3.5   2
      261  12.240207  -86.417733    16.663    -6628.6      387.7     8971.9     25.0     48.3     27.2 2014  4 14  6 31  1.000  2.9   2
      262  12.213413  -86.429346    16.462    -7892.8    -2576.2     8770.6     68.1     76.7     93.5 2014  4 14  6 34 11.000  3.0   2
      263  12.262405  -86.393538     4.862    -3996.0     2843.5    -2829.9     15.8     41.0      8.0 2014  4 14  6 39  2.000  2.8   2
      265  12.262692  -86.386523     4.769    -3233.0     2875.2    -2922.7     15.8     40.9      8.5 2014  4 14  6 52 26.000  3.2   2
      267  12.267930  -86.391626     5.517    -3788.2     3454.6    -2174.3     15.8     41.0      8.3 2014  4 14  7 10  5.000  3.1   2
      270  12.255196  -86.392065     4.813    -3835.7     2046.0    -2878.0     15.8     41.6      8.5 2014  4 14  7 27 46.000  2.7   2
      271  12.273570  -86.384367     5.586    -2998.3     4078.4    -2104.0     15.2     40.7      8.6 2014  4 14  7 36 13.000  3.1   2
      282  12.273636  -86.383594     5.547    -2914.2     4085.8    -2143.6     15.2     40.7      8.8 2014  4 14  9  5 18.000  3.3   2
      284  12.275212  -86.391203     5.794    -3742.0     4260.1    -1897.8     15.4     40.8      8.3 2014  4 14  9 23 45.000  3.0   2
      291  12.285542  -86.410970     3.517    -5892.6     5402.9    -4173.0     20.2     41.9     13.0 2014  4 14 11 32  4.000  3.0   2
      292  12.245533  -86.450179    17.292   -10158.5      977.1     9601.0     28.7     49.4     32.9 2014  4 14 11 36 40.000  3.3   2
      293  12.277571  -86.410116     5.571    -5799.6     4521.1    -2119.0     16.5     41.4      8.8 2014  4 14 11 54 22.000  3.0   2
      294  12.279660  -86.416756     0.611    -6521.9     4752.2    -7079.8     19.6     41.4      7.0 2014  4 14 12 36 25.000  3.8   2
      295  12.260213  -86.393652     5.706    -4008.5     2601.0    -1984.2     15.9     41.3      9.5 2014  4 14 12 44 18.000  2.7   2
      300  12.258110  -86.400374     4.762    -4739.8     2368.2    -2929.6     16.2     41.5      8.5 2014  4 14 13 50 15.000  3.2   2
      304  12.264095  -86.396159     5.410    -4280.9     3030.3    -2281.6     16.3     41.2      8.9 2014  4 14 15 54 21.000  3.6   2
      305  12.258460  -86.394840     8.617    -4137.3     2407.1      925.3     38.0     51.3     59.6 2014  4 14 16 21 47.000  2.7   2
      306  12.272543  -86.423022     4.852    -7203.3     3965.0    -2839.3     17.3     42.0      9.6 2014  4 14 17  0 57.000  2.9   2
      310  12.270711  -86.407910     8.834    -5559.1     3762.3     1142.2     16.3     41.4     58.0 2014  4 14 18 14 22.000  3.7   2
      317  12.285529  -86.410954     5.558    -5890.3     5401.4    -2132.5     15.9     41.2      8.7 2014  4 14 20 51 29.000  3.3   2
      320  12.280338  -86.406014     4.756    -5353.6     4827.2    -2935.3     24.8     43.0      8.8 2014  4 14 21 40 33.000  3.4   2
      323  12.232669  -86.421989    14.694    -7092.1     -446.1     7002.2     31.9     51.6     45.0 2014  4 14 22 19 29.000  2.9   2
      330  12.261714  -86.423625    11.919    -7269.7     2766.9     4227.4     35.0     50.0     53.3 2014  4 15  0 53 43.000  2.5   2
      341  12.275103  -86.427360    14.846    -7676.0     4248.0     7154.4     34.1     49.8     49.6 2014  4 15  4  0 46.000  2.7   2
      342  12.235444  -86.361393     5.750     -498.8     -139.1    -1940.4     21.3     41.4     14.0 2014  4 15  4 15 46.000  2.6   2
      343  12.222807  -86.362728     5.742     -644.1    -1537.1    -1948.3     22.3     42.0     15.3 2014  4 15  4 28  7.000  4.2   2
      348  12.202014  -86.368156     5.921    -1234.6    -3837.3    -1769.5     26.5     43.8     16.1 2014  4 15  7  4  5.000  3.5   2
      360  12.264322  -86.403825     1.475    -5115.3     3055.4    -6216.5     29.5     44.8     31.7 2014  4 15 12  2  0.000  2.7   2
      362  12.277127  -86.389795     5.595    -3588.2     4472.0    -2095.3     15.3     40.8      8.5 2014  4 15 12 48 12.000  3.3   2
      398  12.200000  -86.401392     5.817    -4851.3    -4060.0    -1873.9     28.2     45.9     23.9 2014  4 16 22 44 53.000  2.8   2
      408  12.253218  -86.404525    14.860    -5191.7     1827.1     7168.3     23.6     47.0     28.0 2014  4 17  4 34 41.000  2.5   2
      429  12.200160  -86.400806     2.592    -4786.8    -4042.3    -5099.7     28.3     45.8     33.0 2014  4 17 22 32 17.000  3.7   2
      433  12.200521  -86.398950     3.812    -4585.5    -4002.4    -3879.1     27.5     44.9     28.4 2014  4 17 23 42 21.000  2.5   2
      449  12.267648  -86.408073    15.580    -5577.0     3423.4     7888.2     29.6     51.3     43.8 2014  4 18 14  9 20.000  2.6   2
      658  12.263419  -86.411247     4.894    -5922.5     2955.5    -2797.5     16.3     41.6      8.1 2014  5  2  2 48 41.000  3.6   2
      738  12.265715  -86.400285     2.862    -4730.1     3209.5    -4829.8     17.1     41.3     25.0 2014  5 15  1 49 57.000  2.5   2
      837  12.277736  -86.422502     3.509    -7147.2     4539.4    -4182.5     16.7     41.7      8.5 2014  6  1 11 38 16.000  3.6   2
      974  12.250865  -86.404272     4.928    -5164.1     1566.8    -2763.0     17.8     41.8     10.1 2014  6 26  7  0 32.000  2.5   2
