        1  12.363039  -86.463965     4.315     1004.1    -1807.7    -2365.2      0.0      0.0      0.0 2014  4 10 18 43 54.000  4.0   1
        5  12.410226  -86.541414     4.453    -7417.5     3412.3    -2227.0      0.0      0.1      0.0 2014  4 10 23 35  2.000  4.4   1
       12  12.362500  -86.475146     2.265     -211.4    -1867.4    -4414.5      0.0      0.1      0.0 2014  4 11  0  1 22.000  5.0   1
       13  12.348068  -86.523470     0.227    -5466.7    -3463.8    -6452.6      1.0      1.3      0.2 2014  4 11  0 12 13.000  3.6   1
       14  12.402127  -86.535938     2.298    -6821.8     2516.3    -4381.8      0.0      0.0      0.0 2014  4 11  0 28 46.000  5.0   1
       15  12.415725  -86.486556     4.487    -1452.5     4020.6    -2192.4      0.0      0.1      0.0 2014  4 11  0 39 46.000  3.9   1
       20  12.392903  -86.518384     5.408    -4913.1     1496.0    -1272.3      0.0      0.0      0.0 2014  4 11  1  4  8.000  3.3   1
       23  12.398629  -86.516398    10.426    -4697.3     2129.3     3746.0      0.4      0.5      0.7 2014  4 11  1 24 44.000  4.0   1
       27  12.354895  -86.455404    14.156     1936.0    -2708.7     7475.8      0.1      0.1      0.2 2014  4 11  1 49 37.000  2.7   1
       44  12.404686  -86.504736    15.152    -3429.6     2799.5     8471.3      0.0      0.0      0.1 2014  4 11  3 49 57.000  3.9   1
       45  12.417227  -86.529696     4.328    -6143.2     4186.8    -2352.5      0.0      0.1      0.0 2014  4 11  4  3 25.000  3.1   1
       47  12.421970  -86.519312     5.320    -5014.0     4711.4    -1360.7      0.1      0.2      0.1 2014  4 11  4 27 29.000  2.5   1
       50  12.428129  -86.500627    14.866    -2982.4     5392.8     8185.8      0.2      0.2      0.1 2014  4 11  5 23 41.000  3.8   1
       56  12.351211  -86.455851     2.345     1886.9    -3116.3    -4334.9      0.0      0.0      0.0 2014  4 11  6 44 11.000  3.2   1
       62  12.286823  -86.467383    11.563      632.8   -10239.1     4882.8      0.7      0.5      1.0 2014  4 11  7 44 58.000  3.0   1
       70  12.362033  -86.430819     1.038     4609.1    -1919.0    -5641.7      0.1      0.1      0.0 2014  4 11  9  6 43.000  4.3   1
       81  12.348179  -86.464095     2.171      990.1    -3451.6    -4508.3      0.1      0.1      0.0 2014  4 11 11  4 50.000  2.7   1
       86  12.393246  -86.509538     5.352    -3951.0     1533.9    -1328.7      0.0      0.1      0.0 2014  4 11 11 45 31.000  3.0   1
       88  12.324238  -86.501668     2.498    -3096.0    -6100.1    -4181.1      0.1      0.1      0.1 2014  4 11 12 20 41.000  2.9   1
       89  12.272678  -86.465584     3.295      828.9   -11804.0    -3383.9      0.0      0.0      0.0 2014  4 11 12 25 59.000  4.1   1
       91  12.431792  -86.473942     0.397      -80.7     5798.0    -6282.3      0.0      0.1      0.0 2014  4 11 12 52 31.000  3.0   1
       97  12.342258  -86.483455     3.556    -1115.6    -4106.7    -3124.3      0.0      0.0      0.0 2014  4 11 14 28  4.000  3.3   1
      104  12.417487  -86.510286     3.403    -4032.3     4215.5    -3277.8      0.1      0.1      0.0 2014  4 11 16 32 53.000  3.8   1
      109  12.361719  -86.485197     3.456    -1304.9    -1953.8    -3224.7      0.0      0.0      0.0 2014  4 11 18 17 18.000  4.4   1
      113  12.361772  -86.501009    16.428    -3024.3    -1947.9     9748.1      0.0      0.1      0.1 2014  4 11 19  3 38.000  3.8   1
      119  12.372227  -86.490837     4.534    -1917.6     -791.3    -2146.7      0.0      0.0      0.0 2014  4 11 20  5 15.000  3.7   1
      120  12.337868  -86.447843     1.043     2757.5    -4592.2    -5636.0      0.0      0.1      0.0 2014  4 11 20  8 43.000  3.2   1
      130  12.400108  -86.501872     4.525    -3117.9     2293.0    -2155.5      0.1      0.1      0.0 2014  4 11 22 40  1.000  2.7   1
      140  12.334450  -86.438200     1.177     3806.8    -4970.3    -5502.0      0.0      0.1      0.0 2014  4 12  3 29 21.000  3.7   1
      164  12.313906  -86.445304     3.516     3033.8    -7243.1    -3164.7      0.0      0.1      0.0 2014  4 12 13 39 29.000  3.4   1
      165  12.343809  -86.510449     2.534    -4050.6    -3935.0    -4145.2      0.1      0.1      0.1 2014  4 12 14 17 50.000  2.8   1
      171  12.376058  -86.529956     3.627    -6171.6     -367.5    -3053.3      0.1      0.1      0.0 2014  4 12 19 55 48.000  2.6   1
      179  12.396236  -86.523853    17.844    -5508.2     1864.6    11163.5      0.1      0.1      0.1 2014  4 13  1 29 46.000  2.6   1
      194  12.376080  -86.451847     4.279     2322.7     -365.1    -2401.4      0.1      0.1      0.0 2014  4 13  5 10 18.000  3.3   1
      195  12.367060  -86.461328     3.473     1291.2    -1362.9    -3207.0      0.0      0.0      0.0 2014  4 13  5 41  4.000  3.4   1
      196  12.365565  -86.471623     5.268      171.7    -1528.4    -1412.8      0.0      0.0      0.0 2014  4 13  5 54 36.000  3.6   1
      205  12.359248  -86.471509     2.270      184.2    -2227.1    -4409.4      0.1      0.1      0.0 2014  4 13  7 19 34.000  2.5   1
      210  12.426375  -86.528003     4.443    -5959.4     5198.8    -2237.3      0.1      0.2      0.0 2014  4 13  7 57 47.000  3.6   1
      218  12.363895  -86.511800     5.355    -4197.5    -1713.0    -1325.3      0.1      0.1      0.1 2014  4 13  9 54  4.000  2.7   1
      225  12.394365  -86.538639     5.356    -7115.8     1657.7    -1324.3      0.0      0.1      0.0 2014  4 13 14 46 27.000  3.6   1
      235  12.336247  -86.441227     4.474     3477.0    -4771.7    -2205.9      0.0      0.0      0.0 2014  4 13 23 40 11.000  3.6   1
      236  12.371863  -86.482397     5.261    -1000.2     -831.7    -1419.6      0.0      0.1      0.0 2014  4 13 23 50 20.000  3.5   1
      237  12.366374  -86.480990     4.173     -846.6    -1438.8    -2507.5      0.1      0.2      0.0 2014  4 14  0  4 51.000  3.4   1
      239  12.386204  -86.494930     1.762    -2362.6      754.9    -4917.3      0.2      0.3      0.2 2014  4 14  1 14 52.000  2.7   1
      240  12.323601  -86.494792    12.096    -2348.2    -6170.6     5415.2      0.1      0.1      0.1 2014  4 14  1 25 47.000  2.5   1
      272  12.435173  -86.526799     5.300    -5827.9     6172.0    -1380.9      0.0      0.1      0.0 2014  4 14  7 41 56.000  2.6   1
      276  12.339791  -86.484359     5.359    -1213.8    -4379.5    -1321.9      0.1      0.2      0.1 2014  4 14  8 32 35.000  2.6   1
      336  12.363023  -86.454614     4.285     2021.5    -1809.5    -2395.8      0.0      0.0      0.0 2014  4 15  3  2 30.000  2.6   1
      364  12.399594  -86.457284    18.532     1731.2     2236.1    11851.8      0.1      0.1      0.2 2014  4 15 13 14  9.000  2.5   1
      365  12.375817  -86.465885    18.652      795.5     -394.2    11971.2      0.1      0.1      0.0 2014  4 15 13 17 49.000  3.2   1
      369  12.325594  -86.509074    17.360    -3901.5    -5950.1    10680.1      0.1      0.0      0.1 2014  4 15 18  8 46.000  2.7   1
      370  12.415328  -86.517643     5.342    -4832.4     3976.7    -1338.1      0.1      0.2      0.0 2014  4 15 18 30 44.000  3.2   1
      371  12.424369  -86.526270     2.026    -5770.3     4976.9    -4653.3      0.0      0.0      0.0 2014  4 15 18 50  4.000  2.8   1
      374  12.385964  -86.484115    17.375    -1187.1      728.3    10695.4      0.2      0.2      0.2 2014  4 15 19 54 59.000  2.6   1
      379  12.294696  -86.490413     4.516    -1872.2    -9368.1    -2164.7      0.1      0.1      0.0 2014  4 16  4 22 45.000  2.5   1
      393  12.386721  -86.471525     2.305      182.3      812.1    -4374.4      0.1      0.1      0.0 2014  4 16 17  9  6.000  3.1   1
      422  12.363293  -86.462451     4.438     1168.7    -1779.6    -2242.5      0.0      0.0      0.0 2014  4 17 14 27 28.000  3.3   1
      423  12.383759  -86.454004     2.246     2087.3      484.3    -4433.7      0.1      0.1      0.0 2014  4 17 15 45  8.000  3.0   1
      434  12.363934  -86.493107     2.340    -2164.6    -1708.7    -4339.8      0.1      0.1      0.0 2014  4 18  0 19  5.000  3.9   1
      436  12.297378  -86.472453     2.382       81.6    -9071.5    -4297.7      0.1      0.1      0.0 2014  4 18  1 37 53.000  2.8   1
      446  12.344376  -86.472087     4.444      121.3    -3872.3    -2236.5      0.0      0.0      0.0 2014  4 18 12 21 58.000  4.4   1
      448  12.312254  -86.463175     4.513     1090.8    -7425.8    -2167.5      0.0      0.1      0.0 2014  4 18 12 32 51.000  3.0   1
      470  12.342362  -86.503963     1.311    -3345.2    -4095.1    -5368.6      0.1      0.1      0.0 2014  4 19 13 44 28.000  3.9   1
      479  12.325332  -86.499992    13.455    -2914.1    -5979.1     6775.0      0.1      0.1      0.1 2014  4 20  0 23  5.000  2.5   1
      480  12.432775  -86.509912    14.591    -3991.8     5906.7     7910.9      0.1      0.2      0.1 2014  4 20  0 27 38.000  2.6   1
      483  12.377036  -86.479517     5.273     -686.8     -259.4    -1407.2      0.1      0.0      0.0 2014  4 20  4 24  4.000  2.9   1
      489  12.405242  -86.528459     5.345    -6008.4     2860.9    -1335.3      0.0      0.1      0.0 2014  4 20 11 43 41.000  2.5   1
      492  12.393219  -86.510270     4.469    -4030.9     1530.9    -2211.7      0.0      0.0      0.0 2014  4 20 14 42 22.000  3.0   1
      493  12.379091  -86.472892    17.855       33.9      -32.0    11174.3      0.1      0.2      0.3 2014  4 20 19 51 43.000  2.9   1
      512  12.428581  -86.538867    17.123    -7140.2     5442.8    10442.2      0.1      0.1      0.2 2014  4 22  1 45 11.000  3.0   1
      513  12.359447  -86.498527    15.443    -2753.9    -2205.1     8762.8      0.1      0.1      0.1 2014  4 22  4 14 50.000  2.6   1
      533  12.335953  -86.491536     2.443    -1993.8    -4804.2    -4236.2      0.1      0.2      0.1 2014  4 22 11 30 24.000  2.8   1
      544  12.341857  -86.522770     2.636    -5391.0    -4151.0    -4043.6      0.1      0.1      0.1 2014  4 23  3 54 40.000  2.9   1
      545  12.374002  -86.531779     3.523    -6370.5     -594.9    -3157.6      0.0      0.1      0.0 2014  4 23  4  4 13.000  2.8   1
      547  12.447737  -86.517407    18.397    -4806.4     7561.9    11716.3      0.2      0.2      0.2 2014  4 23  4 49 10.000  2.5   1
      555  12.422508  -86.494271    14.176    -2291.3     4771.0     7495.1      0.1      0.1      0.1 2014  4 23 20  2 48.000  2.9   1
      560  12.372879  -86.474373     3.387     -127.0     -719.2    -3293.8      0.0      0.0      0.0 2014  4 24  3 35 53.000  3.3   1
      594  12.346055  -86.482853     2.347    -1049.3    -3686.6    -4332.5      0.1      0.1      0.0 2014  4 26  9 33  5.000  3.6   1
      597  12.386866  -86.485588    17.299    -1347.2      828.2    10618.4      0.1      0.1      0.1 2014  4 27  2  0 46.000  2.5   1
      599  12.349922  -86.486051     3.488    -1397.9    -3258.9    -3191.9      0.0      0.1      0.0 2014  4 27  2  6 25.000  3.2   1
      610  12.365737  -86.489860     4.599    -1811.6    -1509.3    -2081.6      0.2      0.2      0.2 2014  4 28 10  3 52.000  2.8   1
      620  12.295985  -86.513371    17.305    -4368.6    -9225.5    10624.7      0.1      0.0      0.1 2014  4 29  3 43 18.000  2.6   1
      627  12.389599  -86.525553     5.314    -5692.8     1130.4    -1366.1      0.1      0.1      0.1 2014  4 30  0 51 51.000  2.5   1
      631  12.331939  -86.472030     5.402      127.2    -5248.2    -1278.3      0.0      0.0      0.0 2014  4 30  8 15 49.000  2.6   1
      641  12.276039  -86.530672    15.739    -6251.0   -11432.2     9058.1      0.0      0.0      0.1 2014  5  1 13 23 51.000  2.5   1
      647  12.321600  -86.496680     2.332    -2553.5    -6391.8    -4347.1      0.1      0.1      0.0 2014  5  1 14 11  5.000  3.1   1
      648  12.403438  -86.539722     4.472    -7233.8     2661.4    -2208.3      0.0      0.1      0.0 2014  5  1 17 49 55.000  3.5   1
      663  12.392790  -86.536589     5.551    -6893.0     1483.4    -1129.5      0.2      0.1      0.1 2014  5  2  4 21 56.000  3.9   1
      736  12.323788  -86.451750     5.314     2333.4    -6149.8    -1366.5      0.0      0.1      0.0 2014  5 14 11 16 34.000  2.8   1
      775  12.408153  -86.474585    15.700     -150.1     3183.0     9019.9      0.1      0.1      0.1 2014  5 21 23  0 60.000  4.2   1
      793  12.373220  -86.520858     1.265    -5182.9     -681.6    -5414.2      0.1      0.0      0.0 2014  5 25 16 48 49.000  2.7   1
      794  12.380207  -86.498722    18.888    -2775.1       91.5    12207.4      0.1      0.1      0.0 2014  5 25 17 11 43.000  4.0   1
      796  12.373627  -86.532422     1.345    -6440.5     -636.5    -5334.0      0.1      0.1      0.0 2014  5 25 17 40  6.000  2.7   1
      799  12.418165  -86.562915     4.538    -9755.4     4290.5    -2142.3      0.2      0.2      0.0 2014  5 26  0  4 12.000  2.5   1
      853  12.376759  -86.485555    12.919    -1343.0     -290.0     6238.4      0.1      0.1      0.1 2014  6  3  5 10  0.000  2.5   1
      866  12.365486  -86.498747     5.357    -2778.2    -1537.1    -1323.7      0.0      0.0      0.0 2014  6  8  2 14 29.000  4.0   1
      881  12.356000  -86.520402     5.643    -5133.1    -2586.5    -1036.0      0.1      0.1      0.1 2014  6  9  2  3 11.000  3.4   1
      887  12.345122  -86.483993    12.243    -1173.7    -3789.8     5562.9      0.0      0.0      0.1 2014  6  9 12 49  1.000  3.5   1
      896  12.364479  -86.471794     5.213      153.0    -1648.5    -1467.2      0.1      0.1      0.0 2014  6 12 15 25 37.000  3.6   1
      928  12.353604  -86.496476    11.130    -2531.3    -2851.5     4450.0      0.2      0.2      0.2 2014  6 19  3 29 34.000  2.9   1
      937  12.309073  -86.493864    15.461    -2247.0    -7777.7     8780.8      0.1      0.1      0.1 2014  6 20 16 22  5.000  2.8   1
