        1  12.367264  -86.456885     3.116     1414.7     2099.2    -4035.5   3421.8   6942.2   4437.7 2014  4 10 18 43 54.000  4.0   1
        2  12.346210  -86.535547     5.151    -7140.8     -229.9    -2000.5   2206.7   2698.1   2310.6 2014  4 10 18 46  2.000  1.9   1
        5  12.414360  -86.527580     3.711    -6273.8     7309.1    -3441.3   3373.7   6179.0   2211.3 2014  4 10 23 35  2.000  4.4   1
        6  12.346208  -86.552873     3.066    -9025.2     -230.1    -4085.1   2765.0   2861.5   2713.3 2014  4 10 23 37 25.000  3.8   1
       12  12.334138  -86.457756     2.860     1319.7    -1565.4    -4291.3   3938.7   7463.2   4629.0 2014  4 11  0  1 22.000  5.0   1
       13  12.346732  -86.448820     1.772     2291.3     -172.1    -5378.9   1747.1   2203.9   1326.2 2014  4 11  0 12 13.000  3.6   1
       14  12.416414  -86.515511     4.366    -4961.3     7536.4    -2784.9   4183.4  10299.1   6169.5 2014  4 11  0 28 46.000  5.0   1
       15  12.386610  -86.471061     5.552     -127.1     4239.3    -1599.1   3046.9   5310.6   2941.8 2014  4 11  0 39 46.000  3.9   1
       17  12.404642  -86.460742     5.413      994.8     6234.1    -1737.9   4647.5  10468.3   4773.9 2014  4 11  0 44 26.000  4.0   1
       19  12.399036  -86.607894     0.677   -15008.0     5614.0    -6474.3  22822.7  15369.2   7091.3 2014  4 11  0 54 59.000  2.7   1
       20  12.459787  -86.513957     1.607    -4792.2    12334.5    -5544.9   4051.5  14192.0   8911.1 2014  4 11  1  4  8.000  3.3   1
       24  12.342160  -86.454704    13.126     1652.0     -677.9     5973.9    388.2    461.1    875.1 2014  4 11  1 34 10.000  3.2   1
       25  12.450368  -86.549528     4.043    -8659.7    11292.5    -3108.5   3784.7   3014.6   2723.6 2014  4 11  1 38  1.000  3.9   1
       26  12.378375  -86.478532     5.639     -940.1     3328.4    -1512.1   4853.2   7726.5   5232.8 2014  4 11  1 46 17.000  3.2   1
       30  12.436437  -86.475570     1.924     -617.8     9751.4    -5227.2   3403.5   2720.3   1788.1 2014  4 11  2 11 18.000  2.4   1
       35  12.319318  -86.451587     8.920     1990.3    -3204.9     1768.9   4308.7   5258.7  42154.8 2014  4 11  2 48 43.000  1.4   1
       44  12.406421  -86.484513    12.564    -1590.6     6430.9     5411.5   1993.4   2039.3   2224.8 2014  4 11  3 49 57.000  3.9   1
       45  12.445790  -86.494857     4.056    -2715.3    10786.0    -3096.4   3992.2   7904.5   2513.0 2014  4 11  4  3 25.000  3.1   1
       47  12.426424  -86.500936     4.766    -3376.3     8643.7    -2386.1   3003.7   6975.8   4469.9 2014  4 11  4 27 29.000  2.5   1
       48  12.329590  -86.441048     3.290     3137.2    -2068.5    -3861.2   9704.4   8443.2   3526.6 2014  4 11  4 35  9.000  3.1   1
       49  12.325906  -86.426497     2.736     4719.9    -2475.9    -4415.3  10369.7  11032.8   3518.0 2014  4 11  5 20 13.000  2.7   1
       50  12.360911  -86.538818    23.326    -7496.3     1396.4    16174.5    865.8    953.6   1777.8 2014  4 11  5 23 41.000  3.8   1
       53  12.305508  -86.433374     3.662     3971.6    -4732.4    -3488.8  11570.1  10564.8   3261.5 2014  4 11  5 43 21.000  3.0   1
       66  12.257017  -86.476392     2.583     -706.9   -10096.7    -4568.5   2489.5   2613.3   2460.4 2014  4 11  8 42 43.000  1.6   1
       71  12.349313  -86.435799    14.783     3708.0      113.4     7630.9     52.6     64.2    109.4 2014  4 11  9 11  1.000  3.3   1
       79  12.452072  -86.550594     5.848    -8775.6    11481.0    -1303.7   2780.1   3145.9   2834.5 2014  4 11 10 33  7.000  2.3   1
       80  12.375805  -86.464657     4.533      569.0     3044.1    -2617.9   6494.3  11686.3   4533.7 2014  4 11 10 52 20.000  2.8   1
       81  12.347642  -86.447282     1.859     2458.7      -71.5    -5292.2   4615.4   3560.6   2926.0 2014  4 11 11  4 50.000  2.7   1
       85  12.383757  -86.449813    25.499     2183.6     3923.7    18346.9   1147.3   1499.7   2305.1 2014  4 11 11 35 27.000  3.1   1
       86  12.411275  -86.517326     2.655    -5158.4     6967.9    -4497.3   6151.9   7102.9   5714.7 2014  4 11 11 45 31.000  3.0   1
       88  12.330288  -86.485099     1.945    -1654.5    -1991.2    -5206.2   4573.1   6104.7   2313.6 2014  4 11 12 20 41.000  2.9   1
       91  12.393522  -86.462337     1.020      821.4     5004.0    -6130.8   2444.8   2264.8   1627.3 2014  4 11 12 52 31.000  3.0   1
       93  12.331756  -86.531608     1.062    -6712.6    -1828.9    -6089.1   7694.6   8118.8   5474.2 2014  4 11 13 18 29.000  2.9   1
       95  12.296565  -86.449333     6.874     2235.9    -5721.8     -278.5   9067.5  14671.1   5488.2 2014  4 11 14  4  4.000  2.4   1
       96  12.188995  -86.502840     4.345    -3584.7   -17621.6    -2807.0   1146.4   1057.5   8640.0 2014  4 11 14 10 36.000  2.6   1
       97  12.339548  -86.470125     2.855      -25.8     -966.9    -4297.1   3265.4   5230.8   3067.7 2014  4 11 14 28  4.000  3.3   1
      100  12.394596  -86.515153     1.818    -4922.7     5122.9    -5333.2   4060.0   4748.6   2848.7 2014  4 11 15 17 53.000  2.3   1
      101  12.409733  -86.528996     8.563    -6427.3     6797.3     1411.3   2478.3   3268.1   8184.5 2014  4 11 15 23 19.000  2.2   1
      106  12.386400  -86.471395     5.514     -163.8     4216.2    -1637.3   3482.1   5610.7   1872.2 2014  4 11 17  7 42.000  3.5   1
      107  12.457176  -86.627889     4.832   -17180.7    12045.6    -2320.3   1722.7   1996.7   1765.9 2014  4 11 17 16 14.000  1.8   1
      109  12.381121  -86.479118     1.516    -1003.6     3632.2    -5635.5   3350.4   6917.1   4283.0 2014  4 11 18 17 18.000  4.4   1
      114  12.346855  -86.479679     5.258    -1064.5     -158.6    -1893.0   7156.9   8744.6   3527.7 2014  4 11 19  5 24.000  3.3   1
      119  12.367273  -86.473812     4.229     -426.3     2100.2    -2923.2   3182.6   5847.2   3510.8 2014  4 11 20  5 15.000  3.7   1
      120  12.307047  -86.432568     1.119     4059.5    -4562.3    -6032.3   7100.0   9934.5   2546.8 2014  4 11 20  8 43.000  3.2   1
      128  12.399503  -86.493953     1.832    -2617.0     5665.5    -5318.8   2730.0   3676.4   2107.2 2014  4 11 22 23 40.000  1.4   1
      129  12.495051  -86.585343     2.013   -12553.8    16235.5    -5138.2   6966.9   6227.1   3297.6 2014  4 11 22 35 36.000  1.9   1
      134  12.266381  -86.440259     5.578     3223.2    -9060.9    -1572.5  42600.4  43435.2   8330.9 2014  4 12  0 21 37.000  4.0   1
      136  12.426918  -86.513298    13.824    -4720.4     8698.4     6672.0   1952.8   2090.2   2224.8 2014  4 12  2 30 43.000  2.8   1
      139  12.384489  -86.442415     2.754     2987.9     4004.7    -4398.0   2716.8   2618.8   2574.4 2014  4 12  3 20 25.000  2.0   1
      140  12.291763  -86.445687     1.109     2632.2    -6253.0    -6041.9   2582.3   2973.1   1903.1 2014  4 12  3 29 21.000  3.7   1
      142  12.354659  -86.490153     1.729    -2203.6      704.8    -5422.4   4828.0   9958.3   4662.8 2014  4 12  5  3 37.000  2.2   1
      143  12.369892  -86.510262     3.390    -4390.9     2390.0    -3762.4   6080.2   6262.2   4656.8 2014  4 12  5 25 52.000  1.8   1
      146  12.304961  -86.453377     3.040     1795.6    -4793.0    -4111.8   9930.7   7250.6   5026.0 2014  4 12  6 11 10.000  2.3   1
      147  12.459798  -86.570101     2.990   -10896.5    12335.8    -4161.8   5287.4   6123.4   5437.2 2014  4 12  6 25 25.000  1.9   1
      149  12.392365  -86.510107     2.907    -4373.5     4875.9    -4244.8   7790.9   5058.3   4758.9 2014  4 12  7  4 47.000  1.6   1
      153  12.330230  -86.422575     2.510     5146.0    -1997.6    -4642.1  14982.4  14105.0   3922.8 2014  4 12  9 31 58.000  2.1   1
      154  12.323984  -86.453027    53.364     1834.3    -2688.6    46212.8   6735.4   8870.6  47044.1 2014  4 12  9 41 18.000  2.6   1
      155  12.308900  -86.510067    40.062    -4369.6    -4357.2    32910.4 192979.1 149247.0 350938.7 2014  4 12 10  2  9.000  3.2   1
      157  12.323990  -86.420955     2.145     5322.4    -2688.0    -5006.9  10786.9   8205.4   4092.0 2014  4 12 10 23 13.000  2.7   1
      162  12.449984  -86.495996     2.874    -2838.6    11250.0    -4278.2   2380.7   3710.6   2627.5 2014  4 12 12 58  7.000  3.0   1
      165  12.352084  -86.512492     1.171    -4633.6      420.0    -5980.0   2942.8   3270.9   2139.5 2014  4 12 14 17 50.000  2.8   1
      166  12.433608  -86.539917     1.011    -7615.2     9438.4    -6140.2   5892.1   4971.3   1886.1 2014  4 12 14 49 26.000  1.7   1
      168  12.424360  -86.537183     4.920    -7318.1     8415.4    -2232.3   3254.3   9173.7   5775.1 2014  4 12 17 54  5.000  2.6   1
      169  12.420734  -86.550244     4.642    -8738.1     8014.3    -2510.3   3086.0   2722.7   2153.4 2014  4 12 18 16  2.000  2.2   1
      171  12.397349  -86.514640     1.973    -4867.1     5427.4    -5178.7   4770.7   6674.5   2274.9 2014  4 12 19 55 48.000  2.6   1
      172  12.366053  -86.487516     5.694    -1917.3     1965.2    -1457.4   1586.6   1997.2   1675.7 2014  4 12 19 99  3.000  3.0   1
      174  12.359975  -86.567716    11.490   -10639.2     1292.9     4338.2    983.4   1079.1   2175.0 2014  4 12 21 28 59.000  1.2   1
      176  12.388209  -86.535864     5.890    -7174.7     4416.3    -1262.0   5921.3   6908.3   6104.8 2014  4 12 22 25 25.000  1.2   1
      178  12.267702  -86.425049     5.302     4878.1    -8914.7    -1850.3  11209.2   5918.5   5703.2 2014  4 13  1 20  6.000  4.3   1
      183  12.317591  -86.472852     1.736     -321.9    -3395.8    -5414.9   6981.2   9947.8   6712.8 2014  4 13  2  7 37.000  3.4   1
      184  12.400513  -86.541309    19.587    -7767.2     5777.3    12434.6   1558.9   1858.4   1850.4 2014  4 13  2 18 34.000  1.7   1
      187  12.417524  -86.597502     3.005   -13877.1     7659.2    -4146.2   7018.6   9338.7   3782.0 2014  4 13  3 12 12.000  2.0   1
      191  12.374378  -86.542676     4.165    -7915.5     2886.2    -2987.0   6253.4   9625.9   3469.3 2014  4 13  4 18 53.000  1.4   1
      192  12.387386  -86.434375    12.969     3861.9     4325.2     5816.6     51.3     68.0    119.5 2014  4 13  4 21 32.000  1.8   1
      193  12.371560  -86.508325    13.408    -4180.3     2574.4     6255.7   1092.9   1282.8   2263.4 2014  4 13  4 59  0.000  1.6   1
      196  12.355386  -86.457788     4.936     1316.2      785.3    -2216.4   3046.8   5000.9   2836.7 2014  4 13  5 54 36.000  3.6   1
      197  12.355629  -86.559619     5.641    -9759.2      812.1    -1509.7   5342.6   5889.0   5391.6 2014  4 13  6  5 48.000  1.4   1
      203  12.339531  -86.497860     5.492    -3041.9     -968.7    -1659.0   4583.7   6574.2   3638.8 2014  4 13  6 53 29.000  1.9   1
      204  12.358724  -86.476709     1.663     -741.7     1154.4    -5489.2   2214.1   2651.4   1653.7 2014  4 13  7  0 40.000  2.1   1
      210  12.396668  -86.506356     5.335    -3965.9     5352.1    -1817.3   3339.1   7152.6   4310.8 2014  4 13  7 57 47.000  3.6   1
      211  12.405394  -86.472111     3.827     -241.6     6317.3    -3323.6   3209.2   5490.0   2966.0 2014  4 13  8 20 56.000  2.1   1
      213  12.337614  -86.532414     1.735    -6800.5    -1180.8    -5415.5   8615.5   8634.1   8329.4 2014  4 13  8 30 11.000  2.4   1
      214  12.430156  -86.471289     4.172     -152.6     9056.6    -2979.2   7236.2   7980.6   3851.5 2014  4 13  8 32 35.000  2.4   1
      218  12.397977  -86.488908     3.731    -2068.6     5496.8    -3421.4   2877.7   5798.3   3202.7 2014  4 13  9 54  4.000  2.7   1
      220  12.354965  -86.467415     5.063      268.9      738.7    -2087.9   4942.2   7203.9   5094.0 2014  4 13 10 29 34.000  2.4   1
      222  12.382761  -86.479598     2.872    -1055.6     3813.5    -4278.9  11119.8  14283.9   4312.1 2014  4 13 12 10 24.000  2.2   1
      224  12.372938  -86.518636     5.248    -5301.8     2726.9    -1902.7   5126.9   7586.5   5052.2 2014  4 13 13 50 42.000  2.6   1
      225  12.398044  -86.529004     4.257    -6428.7     5504.2    -2894.7   3009.0   6935.2   4356.1 2014  4 13 14 46 27.000  3.6   1
      226  12.412674  -86.519206     3.661    -5363.3     7122.6    -3490.8   2907.2   5997.5   3503.3 2014  4 13 14 51 52.000  2.4   1
      229  12.399365  -86.578190    11.873   -11777.5     5650.4     4721.1    663.6    718.9    831.8 2014  4 13 17 54 30.000  1.8   1
      235  12.340987  -86.414111     4.478     6066.9     -807.6    -2673.7   6228.5   6547.1   3385.5 2014  4 13 23 40 11.000  3.6   1
      239  12.361807  -86.477148     5.925     -789.4     1495.6    -1226.3   3127.2   5193.6   2950.6 2014  4 14  1 14 52.000  2.7   1
      244  12.370905  -86.492936     7.124    -2506.4     2502.0      -26.8   4662.7  10631.2   6699.9 2014  4 14  4  5 43.000  2.1   1
      245  12.323579  -86.454614     1.699     1661.7    -2733.4    -5452.2   9499.2  11491.5   5610.8 2014  4 14  4 12 24.000  4.4   1
      249  12.275343  -86.437231     2.267     3552.1    -8069.5    -4884.8  10934.5   7492.6   3371.8 2014  4 14  5 11  6.000  3.1   1
      250  12.301144  -86.425342     4.023     4845.5    -5215.2    -3127.9  10611.4   9040.6   3257.8 2014  4 14  5 17  7.000  2.9   1
      252  12.293521  -86.430981     3.288     4231.7    -6058.6    -3864.5  10707.3   9106.9   2732.0 2014  4 14  5 39 43.000  3.0   1
      253  12.281661  -86.453540     1.188     1778.5    -7370.5    -5962.6  10642.2   9284.3   2225.8 2014  4 14  5 43 53.000  4.6   1
      254  12.320039  -86.443416     2.788     2879.0    -3125.0    -4363.0  10571.4  11234.4   3946.5 2014  4 14  5 49 29.000  3.5   1
      255  12.239738  -86.340446    11.971    14081.0   -12008.2     4819.0   2436.8   1871.2   2279.5 2014  4 14  5 54 58.000  2.5   1
      257  12.211360  -86.370760    11.548    10784.6   -15147.6     4395.7   1683.5   2183.3   4133.2 2014  4 14  6  5 24.000  3.5   1
      261  12.220006  -86.360327    15.881    11919.2   -14191.1     8729.3   1467.3   1617.5   1898.0 2014  4 14  6 31  1.000  2.9   1
      262  12.188546  -86.368636    15.663    11016.1   -17671.4     8510.9    810.4    841.6    910.9 2014  4 14  6 34 11.000  3.0   1
      263  12.191889  -86.456429    10.556     1464.6   -17301.5     3404.2   1105.8   1089.5  11827.3 2014  4 14  6 39  2.000  2.8   1
      270  12.259857  -86.459969     2.739     1078.8    -9782.6    -4413.3   4714.0   4622.2   4232.5 2014  4 14  7 27 46.000  2.7   1
      272  12.508772  -86.531706     1.161    -6721.5    17753.4    -5990.6    991.9   1913.8    804.0 2014  4 14  7 41 56.000  2.6   1
      273  12.191682  -86.351514    17.213    12878.1   -17324.4    10060.8    802.4    851.8    910.9 2014  4 14  7 51 33.000  2.5   1
      274  12.198307  -86.358504    14.940    12117.5   -16591.5     7787.5   1547.3   1659.7   3523.1 2014  4 14  7 56 18.000  2.2   1
      276  12.382443  -86.451766     3.989     1970.7     3778.4    -3163.0   7926.2   8182.9   5257.0 2014  4 14  8 32 35.000  2.6   1
      286  12.382130  -86.502173     4.680    -3511.3     3743.7    -2470.5   6056.2   6824.4   5239.4 2014  4 14 10 14 24.000  2.8   1
      287  12.255503  -86.472738    36.718     -309.4   -10264.3    29566.4 195684.2 133301.8 302341.2 2014  4 14 10 29 51.000  3.7   1
      289  12.229585  -86.359302    14.020    12030.4   -13131.5     6868.3   1663.9   1648.4   2170.0 2014  4 14 10 52 13.000  2.4   1
      291  12.319473  -86.438387     1.214     3426.6    -3187.6    -5936.9  10791.3  10035.7   1432.2 2014  4 14 11 32  4.000  3.0   1
      292  12.230491  -86.390487    16.070     8637.6   -13031.1     8917.9   1821.2   1978.2   2087.8 2014  4 14 11 36 40.000  3.3   1
      295  12.277793  -86.432552     4.123     4061.8    -7798.4    -3028.4  10901.4   7817.8   4322.3 2014  4 14 12 44 18.000  2.7   1
      296  12.359937  -86.486247     5.755    -1779.4     1288.7    -1395.9   4474.6   7760.1   2924.6 2014  4 14 12 53 33.000  1.9   1
      300  12.293403  -86.423405     3.289     5055.9    -6071.6    -3863.3  12073.9   9424.8   4277.0 2014  4 14 13 50 15.000  3.2   1
      301  12.163641  -86.463167    10.196      731.0   -20426.4     3044.8   1799.4   3004.8   7515.4 2014  4 14 13 54 31.000  1.8   1
      308  12.418425  -86.479842     1.466    -1082.1     7758.9    -5685.1   6335.1   6474.4   4456.1 2014  4 14 17 32 23.000  2.0   1
      314  12.295707  -86.539697    25.667    -7593.1    -5816.7    18514.6    956.0    925.8   1519.1 2014  4 14 19 14 35.000  2.1   1
      332  12.269269  -86.529313     2.779    -6463.6    -8741.4    -4372.7   2962.8   2804.2   2779.5 2014  4 15  1 12 47.000  1.3   1
      334  12.226292  -86.380127     4.290     9764.8   -13495.7    -2861.2   5586.2   6918.8   3342.5 2014  4 15  2 15 48.000  1.9   1
      339  12.366945  -86.449227     5.503     2247.5     2064.0    -1648.4   3614.5   5314.2   2945.0 2014  4 15  3 41 44.000  3.3   1
      348  12.126143  -86.413639     8.596     6120.6   -24574.6     1445.4   1469.4   2620.8   5382.2 2014  4 15  7  4  5.000  3.5   1
      356  12.363476  -86.460050     5.187     1070.2     1680.1    -1963.9   3624.1   7085.6   4605.3 2014  4 15  9 27  5.000  1.5   1
      362  12.277063  -86.417863     5.464     5659.4    -7879.3    -1687.2   9653.5  12611.5   7851.2 2014  4 15 12 48 12.000  3.3   1
      365  12.333079  -86.461068    20.164      959.4    -1682.5    13012.5   3481.5   3265.8  16900.0 2014  4 15 13 17 49.000  3.2   1
      367  12.387193  -86.576896     1.872   -11637.5     4303.9    -5280.4   3895.6   5093.9   2758.4 2014  4 15 16 28 23.000  1.2   1
      370  12.437111  -86.502995     3.964    -3600.2     9826.0    -3188.0   3226.6   6963.8   4298.0 2014  4 15 18 30 44.000  3.2   1
      371  12.433457  -86.514876     4.066    -4891.9     9421.8    -3085.0   5357.9   9432.8   5964.0 2014  4 15 18 50  4.000  2.8   1
      372  12.444243  -86.449520     3.417     2214.8    10615.0    -3734.6   2724.6   2801.9   2667.3 2014  4 15 19 42 44.000  2.6   1
      377  12.349130  -86.459977     5.528     1078.5       93.1    -1623.1   3450.0   5205.8   2813.2 2014  4 16  3 18 32.000  3.8   1
      378  12.377880  -86.458236     4.954     1267.1     3273.6    -2197.4   4120.9   8381.6   5529.0 2014  4 16  3 48 38.000  2.0   1
      381  12.385256  -86.457544     5.615     1342.6     4089.5    -1535.6   2960.2   4994.5   2770.6 2014  4 16  5 21 52.000  2.3   1
      382  12.389085  -86.522380     3.416    -5708.9     4513.1    -3736.4   5452.9   7061.5   5020.2 2014  4 16  5 25 14.000  2.0   1
      384  12.406458  -86.496232     6.181    -2865.1     6434.9     -970.5   3840.8   7444.8   4431.0 2014  4 16  7 19 52.000  1.8   1
      390  12.362118  -86.488729    24.784    -2048.8     1529.8    17632.1   2259.7   2757.0   2679.9 2014  4 16 15 40  7.000  1.7   1
      398  12.135326  -86.448258     8.230     2353.1   -23558.7     1078.9   2135.2   1715.3   2063.8 2014  4 16 22 44 53.000  2.8   1
      399  12.220571  -86.388094     3.690     8898.6   -14128.6    -3461.4   8013.6   8506.5   3342.5 2014  4 16 22 53 26.000  1.8   1
      402  12.349597  -86.461711     5.715      889.1      144.9    -1436.3   3121.9   3766.2   2494.5 2014  4 17  0 11 45.000  2.3   1
      411  12.327400  -86.542464    24.321    -7893.5    -2310.7    17168.6    610.4    620.5   1036.2 2014  4 17  6 44 21.000  2.2   1
      422  12.308078  -86.440161     6.116     3233.5    -4448.2    -1035.9   6182.8  12531.9   8282.0 2014  4 17 14 27 28.000  3.3   1
      423  12.365107  -86.432894     2.454     4023.5     1860.6    -4697.3   2684.4   3395.2   2838.9 2014  4 17 15 45  8.000  3.0   1
      429  12.120778  -86.445947     8.199     2605.0   -25168.0     1047.2   1526.6   1628.4   2045.5 2014  4 17 22 32 17.000  3.7   1
      431  12.355570  -86.539632    23.550    -7585.3      805.7    16397.5   1858.7   1931.2   1962.0 2014  4 17 23  6 21.000  1.4   1
      434  12.350683  -86.474666     2.408     -519.6      264.9    -4742.8   4723.8   3444.9   3300.8 2014  4 18  0 19  5.000  3.9   1
      436  12.296397  -86.462370     1.838      817.9    -5740.5    -5313.4  10722.5   7963.7   5785.5 2014  4 18  1 37 53.000  2.8   1
      438  12.389212  -86.511833    14.310    -4561.1     4527.2     7158.4   7590.9   9690.1  33482.3 2014  4 18  3 42 53.000  2.8   1
      445  12.346348  -86.469344     5.508       59.1     -214.6    -1643.1   3536.1   7784.1   4953.9 2014  4 18 12  5 17.000  2.5   1
      446  12.338103  -86.455762     4.229     1537.0    -1126.7    -2923.4   5774.1   6845.7   3087.1 2014  4 18 12 21 58.000  4.4   1
      447  12.361811  -86.505745     0.498    -3899.3     1496.0    -6653.3   6059.4   6242.2   2413.4 2014  4 18 12 26 45.000  3.7   1
      448  12.361974  -86.429671     2.953     4374.2     1514.0    -4198.7   9820.1  12922.3   4234.6 2014  4 18 12 32 51.000  3.0   1
      452  12.315411  -86.457088     4.474     1392.5    -3637.0    -2677.8   2055.3   2429.9   2128.7 2014  4 18 16 51 38.000  2.2   1
      453  12.394106  -86.492171     4.687    -2423.2     5068.6    -2463.7   4561.1   5905.2   3373.7 2014  4 18 17 21 29.000  3.0   1
      456  12.387079  -86.475854    19.992     -648.4     4291.2    12840.3   1144.1   1453.1   4548.1 2014  4 18 21 31 24.000  2.2   1
      458  12.311047  -86.638981    18.643   -18391.5    -4119.8    11490.7    889.3    767.2   1117.2 2014  4 19  1 11 29.000  1.1   1
      462  12.434564  -86.536271     2.252    -7218.7     9544.2    -4899.9   2190.5   3064.0   2371.8 2014  4 19  6 40 24.000  1.4   1
      463  12.347793  -86.563534     4.794   -10185.1      -54.8    -2357.8   9862.4  10221.0   9690.1 2014  4 19  6 59  8.000  1.2   1
      464  12.254627  -86.496574     1.557    -2903.0   -10361.2    -5594.7   3029.1   2758.5   1996.2 2014  4 19  7  6 33.000  1.7   1
      467  12.375073  -86.481999    14.003    -1316.8     2963.1     6850.9    742.6    913.9   1582.3 2014  4 19  8 28 53.000  1.4   1
      470  12.340759  -86.490633     1.034    -2256.5     -832.9    -6116.9   5876.1   7040.9   1593.5 2014  4 19 13 44 28.000  3.9   1
      472  12.399811  -86.491618     4.066    -2362.7     5699.6    -3086.0   7480.2   9852.6   3111.9 2014  4 19 14 33 32.000  2.4   1
      473  12.409948  -86.552669     1.957    -9002.5     6821.0    -5195.3   8372.3  11642.6   2000.3 2014  4 19 17 40 17.000  1.9   1
      474  12.390292  -86.515234     5.529    -4931.6     4646.6    -1621.6   2810.0   5151.8   2759.7 2014  4 19 18 18 15.000  4.0   1
      476  12.396875  -86.553385     4.990    -9080.4     5374.9    -2161.6   6059.7   7870.4   2829.6 2014  4 19 19  9 45.000  1.6   1
      480  12.368690  -86.537313    17.545    -7333.2     2256.9    10393.3     57.3     59.2     64.2 2014  4 20  0 27 38.000  2.6   1
      481  12.372910  -86.509717    22.887    -4331.6     2723.8    15735.3    849.0   1052.1   1901.8 2014  4 20  3 34 39.000  2.3   1
      483  12.367656  -86.467000     4.926      313.9     2142.6    -2225.6   3123.2   5936.2   3569.8 2014  4 20  4 24  4.000  2.9   1
      487  12.461823  -86.549878     3.977    -8697.4    12559.7    -3173.9   6519.6   3914.9   4253.0 2014  4 20  9 23 20.000  2.9   1
      489  12.371330  -86.514982     5.856    -4904.3     2549.0    -1296.5   3182.9   8409.7   5064.6 2014  4 20 11 43 41.000  2.5   1
      492  12.402242  -86.499609     3.258    -3232.0     5968.6    -3893.5   2862.4   4978.0   2886.0 2014  4 20 14 42 22.000  3.0   1
      496  12.398172  -86.550960     1.968    -8816.2     5518.4    -5183.3   1913.8   2360.8   1443.7 2014  4 21  0 15 54.000  1.5   1
      497  12.237880  -86.419189     1.024     5515.7   -12213.7    -6128.0   9769.9   9682.6   6745.7 2014  4 21  3 35 51.000  1.4   1
      498  12.364342  -86.576237    11.459   -11566.0     1776.0     4307.3    986.8   1076.2   2100.5 2014  4 21  5 14 36.000  1.6   1
      499  12.387270  -86.494515     5.392    -2678.2     4312.3    -1758.5   5044.7   6592.7   5382.2 2014  4 21  5 29 39.000  1.3   1
      506  12.443784  -86.551961     2.182    -8925.0    10564.1    -4969.8   2999.3   3857.8   2942.6 2014  4 21 15 45 38.000  1.4   1
      507  12.376203  -86.547266     1.678    -8415.2     3088.2    -5473.0   3896.1   4625.4   3029.1 2014  4 21 15 53 33.000  1.4   1
      511  12.276824  -86.540723    25.276    -7704.6    -7905.7    18123.9    921.5    861.9   1526.6 2014  4 22  0 18  8.000  2.4   1
      513  12.384137  -86.471867    15.761     -215.2     3965.8     8609.3    455.1    578.3    883.7 2014  4 22  4 14 50.000  2.6   1
      514  12.423396  -86.492285     5.584    -2435.7     8308.7    -1566.6   3098.7   6274.4   3664.4 2014  4 22  4 18 39.000  5.2   1
      520  12.478741  -86.529451    14.225    -6476.0    14431.3     7072.9     63.7     96.7    121.9 2014  4 22  4 35 43.000  2.1   1
      521  12.481213  -86.560612    17.855    -9865.0    14704.7    10703.0     65.5     95.4     99.3 2014  4 22  4 41 24.000  1.4   1
      526  12.391928  -86.561515     2.614    -9964.8     4827.7    -4538.1   2638.4   2980.3   2685.7 2014  4 22  6 23 28.000  1.3   1
      529  12.421579  -86.539119    12.518    -7528.2     8107.8     5365.9    608.6    861.7    853.4 2014  4 22  8 46 49.000  1.3   1
      540  12.332431  -86.503312    23.983    -3635.3    -1754.2    16830.8   1828.0   2232.6   4815.2 2014  4 23  1 11 56.000  2.0   1
      541  12.336315  -86.480021    16.133    -1101.9    -1324.5     8980.7   1875.5   1956.2   3501.7 2014  4 23  1 33 26.000  2.0   1
      543  12.365077  -86.521370    22.116    -5599.4     1857.2    14964.7   5821.5   5130.4  21252.0 2014  4 23  3  4 19.000  2.8   1
      545  12.372685  -86.516650     2.910    -5085.7     2698.9    -4242.4   3474.0   8096.9   4961.5 2014  4 23  4  4 13.000  2.8   1
      546  12.387886  -86.472729     5.785     -309.1     4380.5    -1366.2   3071.9   5081.4   2819.6 2014  4 23  4 44 44.000  4.1   1
      552  12.356756  -86.493001     2.076    -2513.5      936.7    -5075.1   4690.5   3298.9   3222.2 2014  4 23 15 12 21.000  2.1   1
      555  12.396376  -86.493555    16.558    -2574.0     5319.6     9406.2   1280.3   1597.0   2219.0 2014  4 23 20  2 48.000  2.9   1
      560  12.357156  -86.461735     3.256      886.8      981.0    -3896.1   3490.0   5281.9   2936.4 2014  4 24  3 35 53.000  3.3   1
      563  12.376892  -86.484578     1.207    -1597.6     3164.4    -5944.0   4676.9   6577.3   3155.3 2014  4 24  7 10 59.000  2.1   1
      565  12.376799  -86.518848    15.167    -5324.2     3153.9     8015.5   1655.7   2045.1   3110.7 2014  4 24  9 10 60.000  1.6   1
      568  12.342989  -86.491479    14.612    -2348.0     -586.2     7460.3   4977.0   6407.2  10006.0 2014  4 24  9 25 49.000  1.7   1
      570  12.405193  -86.486532     4.906    -1809.6     6295.1    -2245.0   2904.4   4947.7   2870.2 2014  4 24  9 38 56.000  3.2   1
      573  12.382139  -86.474569    14.923     -509.0     3744.7     7770.8   7359.1  13764.9  28993.7 2014  4 24 21 25  8.000  1.6   1
      574  12.353226  -86.527930    25.117    -6312.3      546.2    17964.7   1854.8   1983.4   1917.0 2014  4 24 22 12  2.000  1.7   1
      578  12.408220  -86.520565    19.375    -5510.8     6630.0    12223.5   1235.4   1699.2   1339.2 2014  4 25  2 32 58.000  1.5   1
      584  12.360994  -86.493807     5.027    -2601.4     1405.6    -2124.5   5670.8   7892.9   5389.5 2014  4 25 14 20 29.000  2.5   1
      585  12.362620  -86.468750     6.026      123.9     1585.4    -1125.3   4987.8   5983.9   3030.2 2014  4 25 14 24 38.000  2.3   1
      594  12.338316  -86.464600     2.358      575.1    -1103.1    -4793.1   4645.2   5935.6   3029.0 2014  4 26  9 33  5.000  3.6   1
      595  12.284878  -86.483057     1.826    -1432.4    -7014.7    -5326.0   2674.4   2745.1   1878.7 2014  4 26 16 52 46.000  2.4   1
      599  12.368958  -86.479696     1.712    -1066.5     2286.5    -5440.4   7978.4   6779.5   3774.6 2014  4 27  2  6 25.000  3.2   1
      602  12.351732  -86.538542    19.339    -7467.0      381.1    12187.2   1977.8   2035.8   2044.3 2014  4 27 14 33 38.000  2.0   1
      604  12.280468  -86.517773    16.839    -5208.6    -7502.6     9686.7   2888.0   1363.5   4440.2 2014  4 27 16  4 34.000  2.8   1
      605  12.294429  -86.532454    18.323    -6805.3    -5958.2    11171.2   2948.3   1384.1   4375.9 2014  4 27 18 51 48.000  1.6   1
      607  12.343533  -86.477873     5.785     -867.9     -526.0    -1366.4   4507.0   6047.9   2849.7 2014  4 28  4  0 48.000  3.3   1
      609  12.378764  -86.466911     4.841      324.0     3371.4    -2310.4   2968.7   4946.6   2939.0 2014  4 28  9 42 22.000  3.0   1
      614  12.329528  -86.549577     1.944    -8667.4    -2075.3    -5207.5   2746.1   2922.0   2730.4 2014  4 28 17 19 33.000  1.1   1
      616  12.363533  -86.577262     4.728   -11677.7     1686.5    -2423.4   9354.9  11435.9   3285.0 2014  4 28 22 13 19.000  1.5   1
      619  12.373945  -86.483984     3.636    -1533.3     2838.3    -3516.1   5660.0   6718.8   3084.8 2014  4 29  2 29 36.000  1.6   1
      620  12.303858  -86.499862    19.693    -3260.2    -4915.0    12541.5   3035.9   3173.8   3422.7 2014  4 29  3 43 18.000  2.6   1
      627  12.389317  -86.513973     4.478    -4793.9     4538.7    -2673.8   3087.7   2850.9   2198.2 2014  4 30  0 51 51.000  2.5   1
      630  12.409579  -86.560571     5.295    -9861.2     6780.3    -1857.0   2912.3   4452.0   2011.4 2014  4 30  6 25 41.000  1.6   1
      631  12.262937  -86.484847     5.904    -1627.0    -9441.8    -1248.0    605.1    633.4    597.3 2014  4 30  8 15 49.000  2.6   1
      634  12.415506  -86.505672     4.145    -3891.5     7436.0    -3007.0   5748.2   9312.4   3290.3 2014  4 30 22 47 47.000  1.1   1
      635  12.394016  -86.488094    13.561    -1979.6     5058.6     6409.3   1267.5   1585.2   2625.3 2014  5  1  1  8  7.000  1.9   1
      639  12.419271  -86.523503    17.411    -5830.3     7852.4    10259.0   2206.1   2826.2   3451.3 2014  5  1 10  8 54.000  1.5   1
      643  12.374552  -86.452010     1.600     1944.2     2905.5    -5550.6   4607.7   6507.3   5113.0 2014  5  1 13 28 10.000  2.1   1
      644  12.318526  -86.509530    24.468    -4311.7    -3292.4    17315.7    910.1    958.0   1722.8 2014  5  1 13 47 35.000  1.9   1
      647  12.323397  -86.470247     2.235      -38.7    -2753.6    -4916.5   7413.1   8104.7   2358.0 2014  5  1 14 11  5.000  3.1   1
      648  12.406127  -86.529826     2.408    -6517.7     6398.4    -4744.2   3039.6   6682.0   3410.5 2014  5  1 17 49 55.000  3.5   1
      651  12.439322  -86.491813    17.141    -2383.8    10070.5     9988.7   2145.5   3042.4   3640.2 2014  5  1 23  7 14.000  1.5   1
      652  12.420362  -86.489445    11.385    -2127.0     7973.1     4232.8   2270.2   3657.0   4110.9 2014  5  2  0  8 24.000  2.0   1
      653  12.369100  -86.482886    12.682    -1413.7     2302.3     5529.6   1075.4   1306.2   2532.3 2014  5  2  0 37  1.000  1.4   1
      654  12.384965  -86.600260     1.426   -14178.5     4057.4    -5725.0   2565.7   2826.0   1859.0 2014  5  2  0 48 23.000  1.2   1
      658  12.296794  -86.449040     2.803     2267.4    -5696.5    -4349.1  10856.6   9295.5   2516.9 2014  5  2  2 48 41.000  3.6   1
      659  12.349324  -86.496956     4.152    -2944.1      114.5    -2999.6   4379.9   6249.3   2832.8 2014  5  2  3 31  6.000  2.3   1
      663  12.379031  -86.516268     5.821    -5044.1     3401.0    -1331.4   3264.3   6729.1   4164.0 2014  5  2  4 21 56.000  3.9   1
      664  12.382904  -86.523649     3.589    -5846.4     3829.4    -3563.2   3363.4   3604.8   2689.0 2014  5  2  4 25 22.000  2.4   1
      670  12.430180  -86.523730     4.035    -5854.7     9059.2    -3116.1   3224.3   6892.5   4252.8 2014  5  2  5 25 28.000  2.2   1
      671  12.412149  -86.551619     5.146    -8888.1     7064.5    -2005.4   6293.7  12561.4   4635.4 2014  5  2  6 14 22.000  1.4   1
      674  12.427125  -86.550269     4.837    -8741.2     8721.3    -2315.4   2741.0   2551.6   2120.4 2014  5  2 13 10 52.000  1.2   1
      676  12.343326  -86.542904     4.817    -7941.1     -548.9    -2335.2   3028.2   3932.7   2219.5 2014  5  2 19 37 16.000  1.5   1
      681  12.270267  -86.550203     5.222    -8736.1    -8631.1    -1930.1    198.1    184.1   4978.0 2014  5  4  1 49 23.000  1.1   1
      682  12.421742  -86.492212    19.792    -2427.7     8125.7    12639.6   1186.1   1919.1   1373.2 2014  5  4  3 42  5.000  1.1   1
      684  12.429494  -86.490120     4.112    -2199.6     8983.3    -3040.2   7739.8   9680.3   4053.7 2014  5  4  7 36  2.000  1.3   1
      685  12.360849  -86.420524     3.065     5368.6     1389.5    -4086.7   5448.5   7371.9   5862.1 2014  5  4 12  6 45.000  1.1   1
      686  12.387672  -86.560636     2.266    -9868.8     4356.8    -4885.0   4722.3   5995.1   4211.4 2014  5  4 12 13  7.000  0.8   1
      687  12.386239  -86.568123     2.127   -10683.0     4198.2    -5024.0   3413.1   3972.3   3515.4 2014  5  4 12 44  5.000  1.0   1
      689  12.434910  -86.537484    12.935    -7350.3     9582.5     5783.4  33063.1  46126.5  65371.7 2014  5  5 12 36 11.000  1.7   1
      693  12.387638  -86.575732     1.282   -11510.4     4353.2    -5868.9   8105.1  12375.8   3162.2 2014  5  5 23 41 26.000  1.0   1
      694  12.579149  -86.371688     5.807    10675.8    25538.9    -1344.6  25021.7  29835.5   6533.0 2014  5  6  1 45  7.000  1.2   1
      696  12.381491  -86.523364    27.900    -5815.6     3673.1    20748.0    866.2   1018.1   1271.8 2014  5  6 12 43 47.000  1.3   1
      697  12.459079  -86.542961     3.537    -7945.4    12256.1    -3614.8   2153.8   3231.5   2365.1 2014  5  7  0 21 38.000  1.1   1
      701  12.320232  -86.488965     5.768    -2075.1    -3103.6    -1382.7   4444.6   5047.0   4416.1 2014  5  7  6 15 26.000  1.7   1
      703  12.440234  -86.498576     5.487    -3119.1    10171.5    -1664.3   4358.9   4400.3   4050.5 2014  5  7 12 53 30.000  1.4   1
      704  12.390162  -86.517977    17.363    -5229.4     4632.3    10210.5   1371.4   1699.0   2289.8 2014  5  7 15 35 29.000  1.7   1
      705  12.259174  -86.470313     3.143      -46.3    -9858.2    -4008.3    601.4    642.8    597.3 2014  5  7 23 19 50.000  2.0   1
      706  12.350446  -86.586450     3.975   -12677.2      238.6    -3177.3   4715.2   4624.5   4514.2 2014  5  8  3  5 38.000  1.7   1
      708  12.342210  -86.497925    24.496    -3048.9     -672.3    17344.2   3404.7   3326.6  27572.2 2014  5  8  3 57 44.000  1.5   1
      709  12.395362  -86.538688    15.085    -7481.9     5207.5     7933.1     56.6     60.0     64.2 2014  5  8  6 59 40.000  2.3   1
      711  12.343896  -86.586426    14.829   -12674.8     -485.8     7677.2   9432.9   7962.6   9720.8 2014  5  8 16 25  6.000  1.5   1
      715  12.392063  -86.504451     2.161    -3758.9     4842.6    -4990.4   1783.0   2211.1   1875.0 2014  5  9  4 29 37.000  1.0   1
      719  12.321408  -86.499341     4.981    -3203.0    -2973.6    -2170.7   4640.1   5330.3   3846.6 2014  5  9 10 29 52.000  1.2   1
      725  12.513190  -86.554150     1.839    -9161.6    18242.2    -5311.9    991.4   1926.1    804.0 2014  5 10 18 21 44.000  1.9   1
      730  12.449408  -86.483472     2.840    -1476.9    11186.3    -4312.1   5201.2   9348.0   6334.1 2014  5 12  4 58 19.000  2.2   1
      734  12.365781  -86.578109     2.110   -11769.4     1935.1    -5040.5   5031.1   5296.1   4862.0 2014  5 13  6 41 22.000  1.5   1
      736  12.352188  -86.438582     3.559     3405.0      431.5    -3592.6   4131.8   7337.6   5368.8 2014  5 14 11 16 34.000  2.8   1
      741  12.339253  -86.540576     5.424    -7688.1     -999.5    -1728.3   3161.2   5684.9   2552.1 2014  5 15 13 53 17.000  1.3   1
      742  12.420028  -86.527799     3.895    -6297.8     7936.2    -3257.4   3682.4   5393.7   3557.9 2014  5 15 14  7 54.000  1.6   1
      745  12.441034  -86.600757     2.048   -14230.9    10260.0    -5102.8   4349.6   5126.1   4500.2 2014  5 15 23  4 46.000  0.8   1
      746  12.399122  -86.579362     6.074   -11905.2     5623.5    -1077.4   3592.2   4250.5   3721.6 2014  5 16  3 37 35.000  1.3   1
      747  12.341382  -86.578499     5.715   -11812.5     -764.0    -1436.3   2777.2   2875.6   2728.2 2014  5 16  4 29 29.000  1.0   1
      749  12.417555  -86.483504     4.795    -1480.2     7662.5    -2356.8   5821.1   8298.2   4365.4 2014  5 16 14 44 51.000  2.3   1
      750  12.429804  -86.609342     7.899   -15165.0     9017.7      747.2     34.7     42.0    115.8 2014  5 16 15 10 34.000  1.2   1
      753  12.406060  -86.549202     3.679    -8625.6     6391.0    -3473.0   8963.1  10996.1   3938.3 2014  5 16 17 17 41.000  1.6   1
      754  12.412124  -86.551514     4.603    -8876.2     7061.8    -2548.9   3003.3   3835.6   3376.0 2014  5 16 18  2 38.000  1.3   1
      755  12.412336  -86.576131     1.132   -11553.4     7085.3    -6018.9   9749.2   7769.2   5051.9 2014  5 16 19  2  2.000  1.2   1
      762  12.279836  -86.579793     7.576   -11954.9    -7572.5      423.7    202.5    181.4    829.8 2014  5 19 22 33 32.000  1.6   1
      764  12.378547  -86.588826     4.865   -12935.0     3347.4    -2286.8   4084.7   4493.9   4119.0 2014  5 20  9 23  1.000  1.6   1
      765  12.354794  -86.552393    25.314    -8972.8      719.7    18162.3   1518.3   1692.0   2421.4 2014  5 20 11 20 25.000  1.7   1
      767  12.311272  -86.601261    16.415   -14289.4    -4094.9     9262.7    835.4    782.6   1250.8 2014  5 20 19 26 35.000  1.4   1
      769  12.400197  -86.520158     3.019    -5466.9     5742.4    -4132.5   2181.6   2692.2   2290.7 2014  5 20 22 20 27.000  1.2   1
      770  12.355501  -86.499390    16.680    -3208.6      797.9     9528.4   1790.3   1865.4   4058.5 2014  5 20 23  2 34.000  1.9   1
      771  12.392219  -86.490771     2.655    -2271.0     4859.8    -4497.1   6056.8   5974.4   5808.9 2014  5 21  1 26 21.000  1.1   1
      773  12.360257  -86.530078    16.861    -6545.8     1324.1     9708.5   2718.4   2655.8   3792.5 2014  5 21 19 53 36.000  2.0   1
      776  12.387205  -86.513664    26.620    -4760.4     4305.2    19467.7   3884.4   5000.6  11306.0 2014  5 22  0 18 59.000  1.4   1
      777  12.371640  -86.477954     5.579     -876.7     2583.3    -1572.4   3098.8   5109.3   2869.4 2014  5 22  0 27 38.000  3.6   1
      779  12.275886  -86.552743    21.403    -9012.3    -8009.4    14251.2    920.6    842.5   3128.6 2014  5 22  0 43 36.000  1.4   1
      786  12.398144  -86.498063     4.442    -3064.3     5515.2    -2708.9   5742.6   7929.1   2934.6 2014  5 22  4 11 10.000  1.8   1
      787  12.407265  -86.564396     3.426   -10277.9     6524.3    -3725.7   4252.3   4840.5   3229.5 2014  5 22 12  8  7.000  1.2   1
      789  12.339625  -86.499561     4.510    -3226.9     -958.3    -2641.3   3544.2   3419.7   3361.9 2014  5 24  0 28 57.000  2.8   1
      790  12.369785  -86.515967     6.548    -5010.9     2378.0     -602.9   3208.3   8414.1   5041.8 2014  5 24  8 52 48.000  2.4   1
      791  12.438611  -86.513680     1.237    -4761.7     9991.8    -5914.9   4460.2   4833.5   3210.1 2014  5 25  1 29 31.000  1.8   1
      792  12.409045  -86.514746     2.411    -4878.5     6721.2    -4740.9   3423.1   8627.0   5666.7 2014  5 25  2 32 48.000  1.4   1
      793  12.361413  -86.490788     1.442    -2272.5     1451.9    -5708.6   4042.8   3433.0   1842.2 2014  5 25 16 48 49.000  2.7   1
      796  12.407736  -86.518457     0.640    -5281.5     6576.4    -6510.8   5508.8  15063.4   4950.4 2014  5 25 17 40  6.000  2.7   1
      800  12.398744  -86.532015     0.982    -6756.4     5581.6    -6169.1   4296.8   5475.4   2336.8 2014  5 26  3 50  5.000  1.2   1
      802  12.386259  -86.577287     5.688   -11679.8     4200.5    -1462.5   5287.9   6056.2   5415.8 2014  5 26  4 32 28.000  1.3   1
      804  12.386722  -86.553866     4.919    -9132.6     4251.7    -2233.1   2171.4   2433.2   2205.7 2014  5 26  6 30 16.000  1.4   1
      808  12.400099  -86.550106     4.013    -8723.2     5731.6    -3139.4   2276.3   2825.8   2394.4 2014  5 26  9 17 32.000  1.3   1
      812  12.382266  -86.551619     6.047    -8888.6     3758.8    -1104.4   7206.3  10453.4   3285.5 2014  5 26 13 34 53.000  1.9   1
      814  12.436238  -86.519255     4.091    -5368.4     9729.3    -3060.0   3062.5   8874.8   5132.0 2014  5 27  0 12 44.000  3.1   1
      819  12.339153  -86.546151    14.691    -8294.6    -1010.6     7539.4   8474.0   8176.3  10350.6 2014  5 28  6 55  5.000  2.2   1
      823  12.443784  -86.499691    11.650    -3240.7    10564.2     4497.7   2260.8   4179.1   3811.3 2014  5 29  5 57 18.000  1.8   1
      831  12.349957  -86.495492    19.771    -2784.7      184.6    12618.9   2170.8   2608.6   2583.5 2014  5 31  1 40 23.000  2.5   1
      850  12.428497  -86.543750     3.875    -8031.7     8873.1    -3275.6   5290.8  10344.3   6693.4 2014  6  2  3 18 57.000  1.3   1
      852  12.360403  -86.506836    18.166    -4018.5     1340.2    11014.2    768.1    886.2   1267.3 2014  6  3  4 14 11.000  1.6   1
      857  12.478348  -86.553402     1.703    -9080.3    14387.8    -5448.5   2421.8   3519.5   1899.1 2014  6  4  7  8 12.000  1.3   1
      862  12.376542  -86.586792     5.659   -12714.0     3125.6    -1491.6   4585.2   4801.1   4526.5 2014  6  5  6 31 31.000  1.0   1
      863  12.334554  -86.491748    17.118    -2377.4    -1519.3     9965.7   1693.9   1983.0   9324.0 2014  6  5  6 53 49.000  1.6   1
      864  12.393845  -86.511556    13.663    -4530.9     5039.7     6511.5   1159.3   1523.6   1661.4 2014  6  5 23 20  2.000  1.6   1
      865  12.384446  -86.511222     4.892    -4494.8     3999.9    -2259.4   5399.6  11798.5   7042.6 2014  6  6  3 28 42.000  2.3   1
      866  12.361778  -86.487061     4.750    -1867.2     1492.3    -2401.8   3025.6   6566.0   4032.9 2014  6  8  2 14 29.000  4.0   1
      867  12.370748  -86.486841     5.447    -1844.0     2484.6    -1703.8   2942.7   5079.9   2730.1 2014  6  8  2 17 49.000  3.2   1
      868  12.394462  -86.535970     0.877    -7186.3     5108.0    -6273.9   1819.6   2142.7    965.4 2014  6  8  2 23 19.000  1.0   1
      870  12.338278  -86.484058    24.605    -1540.8    -1107.3    17452.7   1855.0   2170.2   4806.2 2014  6  8  2 34 13.000  1.7   1
      871  12.326860  -86.554346    22.554    -9186.1    -2370.5    15401.5    612.5    608.9   1231.6 2014  6  8  2 40 47.000  2.0   1
      873  12.343541  -86.475252    15.932     -583.6     -525.0     8780.5    394.2    456.7    733.4 2014  6  8  3 21 25.000  2.0   1
      874  12.325209  -86.493994    17.567    -2621.7    -2553.2    10415.4   1962.0   2162.6   3404.3 2014  6  8  3 25 26.000  1.9   1
      878  12.353279  -86.532813     2.530    -6843.2      552.1    -4620.9   4633.3   4708.1   4510.1 2014  6  8  7 23 21.000  1.0   1
      879  12.492442  -86.669954    10.084   -21753.2    15947.0     2931.9  20346.4  24574.2  39379.0 2014  6  8 22 30  1.000  1.5   1
      881  12.374680  -86.499373     4.942    -3206.5     2919.6    -2208.8   5705.7   7221.3   5718.5 2014  6  9  2  3 11.000  3.4   1
      882  12.374672  -86.528231    12.407    -6344.7     2918.8     5255.3   1184.6   1368.5   1762.5 2014  6  9  2  9 44.000  2.7   1
      890  12.454172  -86.534351    14.773    -7009.4    11713.3     7621.2   3692.1   7052.4   4592.9 2014  6 10  5 12 44.000  1.3   1
      891  12.449599  -86.541618     3.423    -7800.0    11207.4    -3728.9   1924.1   2641.7   2076.9 2014  6 11  0  5 43.000  1.4   1
      892  12.333037  -86.574243     4.166   -11350.1    -1687.1    -2986.2   2773.9   2874.2   2725.2 2014  6 11 16 32 45.000  1.0   1
      902  12.336276  -86.457056     0.851     1395.5    -1328.7    -6300.2   4048.6   4753.8  47176.6 2014  6 12 20 44 49.000  3.5   1
      907  12.433710  -86.522095     1.085    -5677.3     9449.7    -6065.8   3207.8   4317.6   2475.7 2014  6 15  2 22 59.000  1.0   1
      909  12.412442  -86.521151     2.728    -5574.7     7097.0    -4423.7   4205.0   5806.1   4540.4 2014  6 15  5 11 55.000  1.0   1
      910  12.420775  -86.652083     1.810   -19812.9     8018.9    -5342.0   2957.1   3495.7   2199.5 2014  6 15 11 52 44.000  1.7   1
      912  12.459968  -86.600317     7.041   -14182.7    12354.5     -111.0     33.5     45.9    153.5 2014  6 15 13  7 58.000  1.5   1
      915  12.377202  -86.434587    14.168     3839.7     3198.6     7017.1   9960.8  32646.8 145203.3 2014  6 15 14 23 26.000  1.2   1
      918  12.337947  -86.489933     5.329    -2180.3    -1144.0    -1823.2   6437.1  11526.8   5767.7 2014  6 16 19 52 36.000  1.6   1
      921  12.375648  -86.461898     2.132      869.4     3026.6    -5020.0   1128.4   8494.1   3943.9 2014  6 17  3  3 44.000  1.7   1
      922  12.389729  -86.450244     3.930     2136.8     4584.3    -3221.5   3900.8   9129.1   4884.5 2014  6 17  3 18 30.000  1.5   1
      923  12.386988  -86.545939     3.025    -8270.4     4281.2    -4126.9   5417.7   6069.6   3356.2 2014  6 17  7 42 42.000  1.0   1
      927  12.326509  -86.492033     5.462    -2408.7    -2409.4    -1690.2   6965.7  12242.3   4486.1 2014  6 19  2 25 13.000  1.0   1
      928  12.377639  -86.490527    17.114    -2244.3     3246.9     9961.7   1448.0   1864.8   2557.0 2014  6 19  3 29 34.000  2.9   1
      933  12.344484  -86.498226     5.346    -3081.8     -420.8    -1805.5   4464.5   3797.0   3734.8 2014  6 19 23 27 39.000  1.1   1
      935  12.369191  -86.513200    12.637    -4710.6     2312.4     5485.5   5108.6   6256.2  11775.3 2014  6 20  3 55 56.000  2.4   1
      936  12.350878  -86.487199     4.994    -1882.9      286.5    -2157.0   3473.7   2463.4   2499.6 2014  6 20  9 41 45.000  1.8   1
      938  12.347821  -86.515259     4.862    -4934.7      -51.7    -2289.3   8331.6   7786.7   6067.8 2014  6 20 20 47 11.000  2.0   1
      939  12.320451  -86.470369     2.020      -52.2    -3079.5    -5130.8   5146.4   5746.1   3749.1 2014  6 21  0 33  5.000  1.3   1
      940  12.393153  -86.497917     1.871    -3048.3     4963.2    -5279.6   4749.4   4833.1   3357.4 2014  6 21  4 10 29.000  0.8   1
      941  12.304848  -86.458781     5.717     1208.3    -4805.4    -1435.0   6134.1   5612.8   5644.6 2014  6 21  6 20  3.000  1.7   1
      943  12.364011  -86.503328     4.689    -3636.8     1739.3    -2461.7   6003.6   8079.5   5761.3 2014  6 21  6 58 46.000  1.2   1
      944  12.361016  -86.468490     2.627      152.0     1408.0    -4525.0   3702.5   4784.7   2571.4 2014  6 21 14  0 10.000  2.1   1
      946  12.349636  -86.481714     1.840    -1286.2      149.1    -5310.7   4269.4   7146.5   3013.2 2014  6 22 20 43  1.000  2.2   1
      947  12.395236  -86.480868     1.424    -1194.2     5193.6    -5727.9   1691.3   2340.9   1297.3 2014  6 23  6 24 34.000  1.3   1
      949  12.339839  -86.520996    11.915    -5558.9     -934.7     4763.0   1595.5   1812.4   3759.7 2014  6 24  1 16  3.000  1.4   1
      951  12.385026  -86.518254     2.599    -5259.5     4064.1    -4552.5   2554.2   3202.9   2694.7 2014  6 24  5 12 30.000  1.0   1
      952  12.398278  -86.514209     1.389    -4820.0     5530.1    -5763.0   4596.9   3671.2   2509.2 2014  6 24  5 14 53.000  1.1   1
      956  12.493598  -86.649023     7.662   -19477.6    16074.8      510.2   1905.9   6973.8   3174.8 2014  6 24 22 29 47.000  2.2   1
      957  12.246951  -86.661906     6.876   -20888.0   -11210.3     -275.0   7013.4 109666.9   9205.4 2014  6 24 22 37 32.000  1.3   1
      958  12.486953  -86.624007     4.205   -16757.5    15339.7    -2947.1   1024.1   2226.6    955.1 2014  6 24 23 37 35.000  2.3   1
      959  12.482302  -86.641235     5.358   -18630.6    14825.1    -1794.5   1695.8   3004.3   2090.8 2014  6 24 23 43 41.000  1.8   1
      960  12.458497  -86.638843     4.142   -18371.7    12191.8    -3009.8   1609.7   1884.2   1680.6 2014  6 24 23 47 27.000  1.1   1
      962  12.446387  -86.667472     4.894   -21485.6    10852.1    -2257.2   2803.5   3059.8   2675.5 2014  6 25  1  6 50.000  1.4   1
      963  12.490259  -86.630290     3.539   -17440.4    15705.4    -3613.3   1480.7   2764.0   1809.5 2014  6 25  1 34 31.000  2.4   1
      964  12.470446  -86.640633     5.590   -18566.0    13513.6    -1561.3   2224.8   2664.7   2314.3 2014  6 25  1 45  1.000  1.5   1
      965  12.459298  -86.629948     9.526   -17404.7    12280.3     2374.1   7239.6  10009.9  17586.3 2014  6 25  2  9 12.000  0.9   1
      968  12.450617  -86.660449     5.947   -20721.1    11320.1    -1203.8   1657.4   1976.1   1721.5 2014  6 25  6 26  7.000  0.7   1
      969  12.485507  -86.629354     5.186   -17339.2    15179.7    -1966.3   1064.8   3085.7   1092.7 2014  6 25  9 25 58.000  1.7   1
      970  12.462015  -86.638843     2.325   -18371.7    12581.0    -4825.8   1660.9   3051.8   1466.8 2014  6 25 11 12 17.000  1.5   1
      971  12.446807  -86.527197     1.811    -6232.1    10898.6    -5339.7   2229.4   3290.9   1753.1 2014  6 26  6 12 51.000  0.9   1
      975  12.450217  -86.649650     2.224   -19547.3    11275.8    -4926.6   7621.5   3709.1   5763.4 2014  6 26 10  6 35.000  0.9   1
      976  12.387548  -86.468644     4.830      135.6     4343.1    -2321.9   1679.6   2278.3   1805.8 2014  6 26 12  3 31.000  1.0   1
      978  12.489279  -86.624463     3.867   -16807.3    15597.0    -3285.0   1144.9   2309.4   2444.0 2014  6 26 20 51 57.000  1.9   1
      979  12.482751  -86.628223     5.928   -17216.2    14874.9    -1223.1   1444.6   3097.1   1877.4 2014  6 28  5  9 48.000  1.9   1
      980  12.488188  -86.628931     5.866   -17292.7    15476.3    -1284.6   1438.2   1881.0   1534.7 2014  6 28  5 25 42.000  1.8   1
      988  12.372361  -86.477669     1.547     -846.4     2663.1    -5604.3   4899.0   8804.2   2625.2 2014  6 30 21 55 24.000  1.0   1
