2014 04 06 2 32 37 12.31 -86.49 99 2.3 0 0 0 0
2014 04 10 18 43 54 12.37 -86.44 4 4.0 0 0 0 1
2014 04 10 18 46 02 12.36 -86.51 6 1.9 0 0 0 2
2014 04 10 20 34 41 12.32 -86.48 2 2.0 0 0 0 3
2014 04 10 23 27 41 12.27 -86.51 1 6.2 0 0 0 4
2014 04 10 23 35 02 12.42 -86.52 4 4.4 0 0 0 5
2014 04 10 23 37 25 12.38 -86.55 2 3.8 0 0 0 6
2014 04 10 23 42 25 12.5 -86.38 6 4.6 0 0 0 7
2014 04 10 23 43 31 12.41 -86.46 12 3.1 0 0 0 8
2014 04 10 23 44 51 12.39 -86.49 5 4.9 0 0 0 9
2014 04 10 23 47 13 12.47 -86.4 10 3.6 0 0 0 10
2014 04 10 23 49 06 12.39 -86.4 27 3.3 0 0 0 11
2014 04 11 0 01 22 12.37 -86.45 2 5.0 0 0 0 12
2014 04 11 0 12 13 12.36 -86.48 1 3.6 0 0 0 13
2014 04 11 0 28 46 12.4 -86.51 6 5.0 0 0 0 14
2014 04 11 0 39 46 12.39 -86.47 6 3.9 0 0 0 15
2014 04 11 0 40 48 12.34 -86.43 5 3.1 0 0 0 16
2014 04 11 0 44 26 12.4 -86.46 6 4.0 0 0 0 17
2014 04 11 0 47 29 12.46 -86.42 6 3.1 0 0 0 18
2014 04 11 0 54 59 12.37 -86.58 2 2.7 0 0 0 19
2014 04 11 1 04 08 12.4 -86.5 5 3.3 0 0 0 20
2014 04 11 1 10 10 12.42 -86.43 11 3.3 0 0 0 21
2014 04 11 1 16 54 12.27 -86.37 6 2.2 0 0 0 22
2014 04 11 1 24 44 12.39 -86.49 11 4.0 0 0 0 23
2014 04 11 1 34 10 12.39 -86.46 9 3.2 0 0 0 24
2014 04 11 1 38 01 12.43 -86.54 6 3.9 0 0 0 25
2014 04 11 1 46 17 12.38 -86.48 6 3.2 0 0 0 26
2014 04 11 1 49 37 12.36 -86.47 11 2.7 0 0 0 27
2014 04 11 1 57 56 12.4 -86.48 8 2.4 0 0 0 28
2014 04 11 2 01 39 12.4 -86.5 6 3.2 0 0 0 29
2014 04 11 2 11 18 12.44 -86.47 2 2.4 0 0 0 30
2014 04 11 2 19 57 12.38 -86.47 6 2.7 0 0 0 31
2014 04 11 2 21 28 12.05 -85.9 4 3.2 0 0 0 32
2014 04 11 2 26 20 12.4 -86.51 8 2.9 0 0 0 33
2014 04 11 2 37 54 12.43 -86.47 8 2.9 0 0 0 34
2014 04 11 2 48 43 12.32 -86.46 6 1.4 0 0 0 35
2014 04 11 3 00 18 12.41 -86.5 6 3.2 0 0 0 36
2014 04 11 3 01 01 12.38 -86.48 5 2.8 0 0 0 37
2014 04 11 3 11 01 12.39 -86.5 6 3.4 0 0 0 38
2014 04 11 3 15 38 12.2 -86.3 17 2.8 0 0 0 39
2014 04 11 3 20 54 12.5 -86.38 8 2.1 0 0 0 40
2014 04 11 3 26 30 12.34 -86.43 6 4.4 0 0 0 41
2014 04 11 3 31 42 12.23 -86.35 5 3.9 0 0 0 42
2014 04 11 3 38 06 12.23 -86.32 15 3.5 0 0 0 43
2014 04 11 3 49 57 12.41 -86.48 9 3.9 0 0 0 44
2014 04 11 4 03 25 12.42 -86.51 4 3.1 0 0 0 45
2014 04 11 4 08 25 12.39 -86.43 15 2.2 0 0 0 46
2014 04 11 4 27 29 12.43 -86.5 5 2.5 0 0 0 47
2014 04 11 4 35 09 12.26 -86.37 6 3.1 0 0 0 48
2014 04 11 5 20 13 12.26 -86.34 6 2.7 0 0 0 49
2014 04 11 5 23 41 12.42 -86.51 16 3.8 0 0 0 50
2014 04 11 5 29 38 12.28 -86.33 4 2.7 0 0 0 51
2014 04 11 5 33 50 12.24 -86.35 11 3.1 0 0 0 52
2014 04 11 5 43 21 12.27 -86.34 6 3.0 0 0 0 53
2014 04 11 6 02 21 12.34 -86.42 8 2.2 0 0 0 54
2014 04 11 6 08 14 12.46 -86.4 15 2.6 0 0 0 55
2014 04 11 6 44 11 12.36 -86.43 2 3.2 0 0 0 56
2014 04 11 7 00 15 12.4 -86.49 1 2.4 0 0 0 57
2014 04 11 7 03 54 12.37 -86.51 2 2.4 0 0 0 58
2014 04 11 7 07 57 12.37 -86.37 15 2.6 0 0 0 59
2014 04 11 7 23 17 12.4 -86.5 1 3.8 0 0 0 60
2014 04 11 7 34 50 12.43 -86.58 2 1.6 0 0 0 61
2014 04 11 7 44 58 12.3 -86.45 15 3.0 0 0 0 62
2014 04 11 7 49 02 12.35 -86.41 16 3.0 0 0 0 63
2014 04 11 8 03 48 12.37 -86.35 5 3.1 0 0 0 64
2014 04 11 8 12 06 12.33 -86.4 14 2.4 0 0 0 65
2014 04 11 8 42 43 12.31 -86.46 2 1.6 0 0 0 66
2014 04 11 8 55 38 12.38 -86.38 14 2.8 0 0 0 67
2014 04 11 8 55 39 12.38 -86.43 8 2.7 0 0 0 68
2014 04 11 9 01 07 12.26 -86.37 11 2.7 0 0 0 69
2014 04 11 9 06 43 12.38 -86.4 0 4.3 0 0 0 70
2014 04 11 9 11 01 12.34 -86.43 17 3.3 0 0 0 71
2014 04 11 9 21 39 12.44 -86.52 26 2.8 0 0 0 72
2014 04 11 9 27 22 12.38 -86.42 6 2.5 0 0 0 73
2014 04 11 9 30 48 12.33 -86.49 6 2.1 0 0 0 74
2014 04 11 9 34 44 12.33 -86.42 8 2.9 0 0 0 75
2014 04 11 9 47 33 12.32 -86.42 9 4.3 0 0 0 76
2014 04 11 10 11 53 12.41 -86.5 1 2.9 0 0 0 77
2014 04 11 10 25 20 12.37 -86.49 6 2.2 0 0 0 78
2014 04 11 10 33 07 12.49 -86.55 5 2.3 0 0 0 79
2014 04 11 10 52 20 12.36 -86.46 6 2.8 0 0 0 80
2014 04 11 11 04 50 12.35 -86.44 2 2.7 0 0 0 81
2014 04 11 11 09 47 12.26 -86.35 5 2.0 0 0 0 82
2014 04 11 11 28 28 12.43 -86.46 2 2.0 0 0 0 83
2014 04 11 11 30 57 12.41 -86.51 3 1.9 0 0 0 84
2014 04 11 11 35 27 12.36 -86.43 11 3.1 0 0 0 85
2014 04 11 11 45 31 12.4 -86.49 5 3.0 0 0 0 86
2014 04 11 12 13 25 12.43 -86.59 2 2.4 0 0 0 87
2014 04 11 12 20 41 12.33 -86.48 2 2.9 0 0 0 88
2014 04 11 12 25 59 12.3 -86.44 2 4.1 0 0 0 89
2014 04 11 12 43 09 12.27 -86.37 12 1.8 0 0 0 90
2014 04 11 12 52 31 12.39 -86.46 1 3.0 0 0 0 91
2014 04 11 13 07 50 12.35 -86.48 14 1.8 0 0 0 92
2014 04 11 13 18 29 12.33 -86.53 1 2.9 0 0 0 93
2014 04 11 13 33 43 12.33 -86.48 10 2.4 0 0 0 94
2014 04 11 14 04 04 12.34 -86.47 4 2.4 0 0 0 95
2014 04 11 14 10 36 12.23 -86.4 5 2.6 0 0 0 96
2014 04 11 14 28 04 12.35 -86.46 3 3.3 0 0 0 97
2014 04 11 14 39 13 12.34 -86.43 11 4.6 0 0 0 98
2014 04 11 14 52 41 12.23 -86.35 9 3.3 0 0 0 99
2014 04 11 15 17 53 12.43 -86.51 2 2.3 0 0 0 100
2014 04 11 15 23 19 12.43 -86.52 7 2.2 0 0 0 101
2014 04 11 15 56 52 12.23 -86.39 12 3.3 0 0 0 102
2014 04 11 16 05 44 12.26 -86.38 3 3.3 0 0 0 103
2014 04 11 16 32 53 12.42 -86.49 3 3.8 0 0 0 104
2014 04 11 16 42 25 12.33 -86.49 5 2.0 0 0 0 105
2014 04 11 17 07 42 12.39 -86.47 6 3.5 0 0 0 106
2014 04 11 17 16 14 12.46 -86.63 5 1.8 0 0 0 107
2014 04 11 17 54 38 12.14 -86.3 19 3.8 0 0 0 108
2014 04 11 18 17 18 12.37 -86.46 3 4.4 0 0 0 109
2014 04 11 18 22 53 12.25 -86.39 11 2.8 0 0 0 110
2014 04 11 18 38 58 12.37 -86.43 9 2.2 0 0 0 111
2014 04 11 18 44 39 12.42 -86.5 2 2.5 0 0 0 112
2014 04 11 19 03 38 12.38 -86.47 7 3.8 0 0 0 113
2014 04 11 19 05 24 12.38 -86.46 6 3.3 0 0 0 114
2014 04 11 19 06 15 12.36 -86.36 35 3.0 0 0 0 115
2014 04 11 19 22 09 12.47 -86.44 6 2.3 0 0 0 116
2014 04 11 19 27 07 12.37 -86.37 6 2.7 0 0 0 117
2014 04 11 19 48 27 12.37 -86.56 5 1.8 0 0 0 118
2014 04 11 20 05 15 12.38 -86.47 4 3.7 0 0 0 119
2014 04 11 20 08 43 12.35 -86.42 0 3.2 0 0 0 120
2014 04 11 19 99 33 12.25 -86.38 8 3.0 0 0 0 121
2014 04 11 20 57 54 12.25 -86.35 0 3.8 0 0 0 122
2014 04 11 21 38 53 12.26 -86.37 4 3.3 0 0 0 123
2014 04 11 21 39 48 12.26 -86.37 1 3.5 0 0 0 124
2014 04 11 21 39 49 12.25 -86.37 8 3.6 0 0 0 125
2014 04 11 21 51 32 12.26 -86.31 4 3.7 0 0 0 126
2014 04 11 22 10 31 12.43 -86.53 11 1.9 0 0 0 127
2014 04 11 22 23 40 12.35 -86.52 2 1.4 0 0 0 128
2014 04 11 22 35 36 12.49 -86.58 2 1.9 0 0 0 129
2014 04 11 22 40 01 12.41 -86.48 4 2.7 0 0 0 130
2014 04 11 23 34 26 12.39 -86.52 8 2.4 0 0 0 131
2014 04 12 0 08 11 12.21 -86.36 12 4.1 0 0 0 132
2014 04 12 0 16 55 12.25 -86.4 11 3.3 0 0 0 133
2014 04 12 0 21 37 12.23 -86.38 6 4.0 0 0 0 134
2014 04 12 1 14 55 12.43 -86.42 4 2.7 0 0 0 135
2014 04 12 2 30 43 12.39 -86.51 7 2.8 0 0 0 136
2014 04 12 2 50 42 12.26 -86.35 15 2.9 0 0 0 137
2014 04 12 3 13 40 12.26 -86.4 8 2.9 0 0 0 138
2014 04 12 3 20 25 12.39 -86.44 3 2.0 0 0 0 139
2014 04 12 3 29 21 12.34 -86.41 1 3.7 0 0 0 140
2014 04 12 3 40 38 12.24 -86.39 11 3.3 0 0 0 141
2014 04 12 5 03 37 12.34 -86.49 2 2.2 0 0 0 142
2014 04 12 5 25 52 12.35 -86.5 5 1.8 0 0 0 143
2014 04 12 6 04 08 12.31 -86.45 6 2.2 0 0 0 144
2014 04 12 6 05 48 12.36 -86.52 11 2.4 0 0 0 145
2014 04 12 6 11 10 12.25 -86.38 5 2.3 0 0 0 146
2014 04 12 6 25 25 12.46 -86.57 3 1.9 0 0 0 147
2014 04 12 6 57 06 12.23 -86.34 19 2.3 0 0 0 148
2014 04 12 7 04 47 12.35 -86.51 5 1.6 0 0 0 149
2014 04 12 7 34 16 12.26 -86.35 14 1.9 0 0 0 150
2014 04 12 7 59 05 12.37 -86.49 4 1.1 0 0 0 151
2014 04 12 9 09 47 12.27 -86.33 15 1.8 0 0 0 152
2014 04 12 9 31 58 12.28 -86.35 4 2.1 0 0 0 153
2014 04 12 9 41 18 12.34 -86.45 6 2.6 0 0 0 154
2014 04 12 10 02 09 12.23 -86.38 7 3.2 0 0 0 155
2014 04 12 10 16 06 12.3 -86.43 2 2.1 0 0 0 156
2014 04 12 10 23 13 12.27 -86.34 4 2.7 0 0 0 157
2014 04 12 10 56 09 12.28 -86.34 11 2.8 0 0 0 158
2014 04 12 11 14 06 12.35 -86.49 7 2.1 0 0 0 159
2014 04 12 11 57 33 12.36 -86.5 2 1.8 0 0 0 160
2014 04 12 12 16 16 12.36 -86.54 2 1.8 0 0 0 161
2014 04 12 12 58 07 12.4 -86.49 5 3.0 0 0 0 162
2014 04 12 13 29 19 12.38 -86.51 7 1.9 0 0 0 163
2014 04 12 13 39 29 12.32 -86.42 3 3.4 0 0 0 164
2014 04 12 14 17 50 12.35 -86.49 2 2.8 0 0 0 165
2014 04 12 14 49 26 12.38 -86.54 2 1.7 0 0 0 166
2014 04 12 17 21 14 12.36 -86.53 15 3.2 0 0 0 167
2014 04 12 17 54 05 12.4 -86.53 7 2.6 0 0 0 168
2014 04 12 18 16 02 12.42 -86.55 5 2.2 0 0 0 169
2014 04 12 18 57 42 12.38 -86.48 6 2.3 0 0 0 170
2014 04 12 19 55 48 12.38 -86.51 3 2.6 0 0 0 171
2014 04 12 19 99 03 12.37 -86.49 6 3.0 0 0 0 172
2014 04 12 20 37 10 12.39 -86.44 4 1.6 0 0 0 173
2014 04 12 21 28 59 12.39 -86.55 11 1.2 0 0 0 174
2014 04 12 21 34 39 12.26 -86.37 3 2.3 0 0 0 175
2014 04 12 22 25 25 12.44 -86.55 3 1.2 0 0 0 176
2014 04 13 0 27 10 12.32 -86.47 3 2.1 0 0 0 177
2014 04 13 1 20 06 12.26 -86.35 5 4.3 0 0 0 178
2014 04 13 1 29 46 12.38 -86.54 15 2.6 0 0 0 179
2014 04 13 1 35 57 12.26 -86.38 5 2.1 0 0 0 180
2014 04 13 1 59 11 12.37 -86.56 15 2.3 0 0 0 181
2014 04 13 2 05 34 12.25 -86.39 3 3.2 0 0 0 182
2014 04 13 2 07 37 12.24 -86.38 6 3.4 0 0 0 183
2014 04 13 2 18 34 12.4 -86.53 13 1.7 0 0 0 184
2014 04 13 2 30 48 12.21 -86.37 15 1.9 0 0 0 185
2014 04 13 2 31 34 12.25 -86.38 12 2.5 0 0 0 186
2014 04 13 3 12 12 12.4 -86.57 6 2.0 0 0 0 187
2014 04 13 3 12 41 12.41 -86.56 1 2.0 0 0 0 188
2014 04 13 3 27 22 12.33 -86.46 11 2.4 0 0 0 189
2014 04 13 3 49 30 12.38 -86.51 13 2.3 0 0 0 190
2014 04 13 4 18 53 12.4 -86.53 4 1.4 0 0 0 191
2014 04 13 4 21 32 12.38 -86.43 15 1.8 0 0 0 192
2014 04 13 4 59 00 12.38 -86.5 7 1.6 0 0 0 193
2014 04 13 5 10 18 12.38 -86.43 4 3.3 0 0 0 194
2014 04 13 5 41 04 12.37 -86.44 3 3.4 0 0 0 195
2014 04 13 5 54 36 12.37 -86.45 5 3.6 0 0 0 196
2014 04 13 6 05 48 12.36 -86.56 6 1.4 0 0 0 197
2014 04 13 6 14 59 12.31 -86.44 12 2.2 0 0 0 198
2014 04 13 6 15 51 12.36 -86.47 8 2.0 0 0 0 199
2014 04 13 6 17 59 12.3 -86.44 12 1.6 0 0 0 200
2014 04 13 6 23 21 12.21 -86.41 15 1.9 0 0 0 201
2014 04 13 6 45 37 12.42 -86.52 6 1.8 0 0 0 202
2014 04 13 6 53 29 12.35 -86.49 6 1.9 0 0 0 203
2014 04 13 7 00 40 12.33 -86.44 5 2.1 0 0 0 204
2014 04 13 7 19 34 12.36 -86.45 2 2.5 0 0 0 205
2014 04 13 7 21 28 12.24 -86.34 17 1.1 0 0 0 206
2014 04 13 7 21 54 12.07 -86.35 13 1.3 0 0 0 207
2014 04 13 7 43 16 12.34 -86.55 2 1.2 0 0 0 208
2014 04 13 7 52 47 12.46 -86.47 14 1.6 0 0 0 209
2014 04 13 7 57 47 12.43 -86.51 4 3.6 0 0 0 210
2014 04 13 8 20 56 12.38 -86.46 6 2.1 0 0 0 211
2014 04 13 8 21 26 12.38 -86.46 6 2.4 0 0 0 212
2014 04 13 8 30 11 12.34 -86.53 2 2.4 0 0 0 213
2014 04 13 8 32 35 12.38 -86.48 6 2.4 0 0 0 214
2014 04 13 9 20 43 12.37 -86.44 7 1.7 0 0 0 215
2014 04 13 9 25 50 12.33 -86.54 11 1.8 0 0 0 216
2014 04 13 9 31 11 12.23 -86.39 13 2.1 0 0 0 217
2014 04 13 9 54 04 12.37 -86.49 5 2.7 0 0 0 218
2014 04 13 10 17 27 12.05 -86.71 0 2.1 0 0 0 219
2014 04 13 10 29 34 12.35 -86.46 6 2.4 0 0 0 220
2014 04 13 10 52 02 12.22 -86.35 5 1.7 0 0 0 221
2014 04 13 12 10 24 12.38 -86.44 6 2.2 0 0 0 222
2014 04 13 12 11 00 12.33 -86.47 3 1.4 0 0 0 223
2014 04 13 13 50 42 12.38 -86.51 6 2.6 0 0 0 224
2014 04 13 14 46 27 12.4 -86.52 5 3.6 0 0 0 225
2014 04 13 14 51 52 12.4 -86.51 5 2.4 0 0 0 226
2014 04 13 15 54 07 12.43 -86.44 1 1.9 0 0 0 227
2014 04 13 17 41 35 12.25 -86.35 8 3.1 0 0 0 228
2014 04 13 17 54 30 12.37 -86.53 12 1.8 0 0 0 229
2014 04 13 18 26 50 12.26 -86.36 4 1.6 0 0 0 230
2014 04 13 18 55 02 12.27 -86.37 7 2.2 0 0 0 231
2014 04 13 20 42 14 12.36 -86.57 2 1.8 0 0 0 232
2014 04 13 22 38 07 12.18 -86.28 8 2.2 0 0 0 233
2014 04 13 23 36 50 12.41 -86.5 6 3.1 0 0 0 234
2014 04 13 23 40 11 12.34 -86.42 4 3.6 0 0 0 235
2014 04 13 23 50 20 12.38 -86.46 5 3.5 0 0 0 236
2014 04 14 0 04 51 12.38 -86.45 4 3.4 0 0 0 237
2014 04 14 0 27 46 12.25 -86.39 6 2.6 0 0 0 238
2014 04 14 1 14 52 12.38 -86.47 6 2.7 0 0 0 239
2014 04 14 1 25 47 12.35 -86.47 12 2.5 0 0 0 240
2014 04 14 3 21 23 12.39 -86.5 16 1.5 0 0 0 241
2014 04 14 3 30 06 12.34 -86.44 9 1.7 0 0 0 242
2014 04 14 3 43 24 12.34 -86.47 16 1.9 0 0 0 243
2014 04 14 4 05 43 12.41 -86.5 6 2.1 0 0 0 244
2014 04 14 4 12 24 12.27 -86.35 6 4.4 0 0 0 245
2014 04 14 4 24 44 12.25 -86.34 12 1.6 0 0 0 246
2014 04 14 4 38 14 12.26 -86.36 4 1.5 0 0 0 247
2014 04 14 5 07 03 12.24 -86.34 5 5.6 0 0 0 248
2014 04 14 5 11 06 12.23 -86.36 4 3.1 0 0 0 249
2014 04 14 5 17 07 12.26 -86.34 6 2.9 0 0 0 250
2014 04 14 5 25 27 12.24 -86.36 8 3.1 0 0 0 251
2014 04 14 5 39 43 12.25 -86.35 5 3.0 0 0 0 252
2014 04 14 5 43 53 12.25 -86.36 2 4.6 0 0 0 253
2014 04 14 5 49 29 12.25 -86.36 6 3.5 0 0 0 254
2014 04 14 5 54 58 12.24 -86.34 12 2.5 0 0 0 255
2014 04 14 5 59 25 12.26 -86.33 6 3.5 0 0 0 256
2014 04 14 6 05 24 12.21 -86.37 11 3.5 0 0 0 257
2014 04 14 6 12 31 12.22 -86.36 7 4.0 0 0 0 258
2014 04 14 6 20 56 12.25 -86.34 7 3.5 0 0 0 259
2014 04 14 6 27 24 12.24 -86.33 11 2.4 0 0 0 260
2014 04 14 6 31 01 12.22 -86.36 16 2.9 0 0 0 261
2014 04 14 6 34 11 12.19 -86.37 15 3.0 0 0 0 262
2014 04 14 6 39 02 12.24 -86.35 5 2.8 0 0 0 263
2014 04 14 6 44 16 12.26 -86.36 7 3.0 0 0 0 264
2014 04 14 6 52 26 12.24 -86.34 5 3.2 0 0 0 265
2014 04 14 6 54 30 12.22 -86.34 15 2.0 0 0 0 266
2014 04 14 7 10 05 12.24 -86.35 7 3.1 0 0 0 267
2014 04 14 7 16 03 12.43 -86.5 2 4.2 0 0 0 268
2014 04 14 7 24 09 12.23 -86.31 6 2.0 0 0 0 269
2014 04 14 7 27 46 12.23 -86.35 5 2.7 0 0 0 270
2014 04 14 7 36 13 12.25 -86.34 6 3.1 0 0 0 271
2014 04 14 7 41 56 12.44 -86.51 5 2.6 0 0 0 272
2014 04 14 7 51 33 12.19 -86.35 17 2.5 0 0 0 273
2014 04 14 7 56 18 12.2 -86.36 14 2.2 0 0 0 274
2014 04 14 8 09 57 12.19 -86.36 15 2.1 0 0 0 275
2014 04 14 8 32 35 12.35 -86.46 5 2.6 0 0 0 276
2014 04 14 8 44 26 12.22 -86.37 1 1.3 0 0 0 277
2014 04 14 8 46 19 12.23 -86.35 6 2.4 0 0 0 278
2014 04 14 8 49 18 12.23 -86.34 8 2.7 0 0 0 279
2014 04 14 8 56 07 12.24 -86.36 13 2.3 0 0 0 280
2014 04 14 8 59 33 12.25 -86.35 13 2.3 0 0 0 281
2014 04 14 9 05 18 12.25 -86.34 6 3.3 0 0 0 282
2014 04 14 9 14 16 12.23 -86.33 15 1.0 0 0 0 283
2014 04 14 9 23 45 12.25 -86.35 7 3.0 0 0 0 284
2014 04 14 9 39 47 12.25 -86.34 6 2.4 0 0 0 285
2014 04 14 10 14 24 12.39 -86.48 6 2.8 0 0 0 286
2014 04 14 10 29 51 12.22 -86.37 7 3.7 0 0 0 287
2014 04 14 10 40 15 12.24 -86.37 2 2.0 0 0 0 288
2014 04 14 10 52 13 12.23 -86.36 14 2.4 0 0 0 289
2014 04 14 11 02 05 12.26 -86.36 6 2.4 0 0 0 290
2014 04 14 11 32 04 12.26 -86.37 2 3.0 0 0 0 291
2014 04 14 11 36 40 12.23 -86.39 16 3.3 0 0 0 292
2014 04 14 11 54 22 12.25 -86.37 6 3.0 0 0 0 293
2014 04 14 12 36 25 12.25 -86.36 2 3.8 0 0 0 294
2014 04 14 12 44 18 12.24 -86.35 6 2.7 0 0 0 295
2014 04 14 12 53 33 12.38 -86.48 6 1.9 0 0 0 296
2014 04 14 13 11 51 12.37 -86.46 8 2.7 0 0 0 297
2014 04 14 13 13 42 12.23 -86.37 5 1.7 0 0 0 298
2014 04 14 13 22 37 12.19 -86.35 19 2.3 0 0 0 299
2014 04 14 13 50 15 12.23 -86.36 5 3.2 0 0 0 300
2014 04 14 13 54 31 12.21 -86.37 6 1.8 0 0 0 301
2014 04 14 15 15 54 12.23 -86.38 12 1.4 0 0 0 302
2014 04 14 15 26 11 12.35 -86.53 5 1.9 0 0 0 303
2014 04 14 15 54 21 12.24 -86.35 7 3.6 0 0 0 304
2014 04 14 16 21 47 12.22 -86.36 8 2.7 0 0 0 305
2014 04 14 17 00 57 12.25 -86.38 5 2.9 0 0 0 306
2014 04 14 17 05 27 12.22 -86.4 5 1.8 0 0 0 307
2014 04 14 17 32 23 12.39 -86.47 2 2.0 0 0 0 308
2014 04 14 17 44 32 12.29 -86.36 3 2.2 0 0 0 309
2014 04 14 18 14 22 12.24 -86.37 7 3.7 0 0 0 310
2014 04 14 18 46 28 12.23 -86.38 8 1.6 0 0 0 311
2014 04 14 18 49 31 12.25 -86.38 5 1.7 0 0 0 312
2014 04 14 18 59 41 12.25 -86.38 5 2.3 0 0 0 313
2014 04 14 19 14 35 12.35 -86.49 11 2.1 0 0 0 314
2014 04 14 19 50 06 12.17 -86.36 18 3.3 0 0 0 315
2014 04 14 20 08 03 12.25 -86.36 12 2.4 0 0 0 316
2014 04 14 20 51 29 12.26 -86.37 6 3.3 0 0 0 317
2014 04 14 20 59 02 12.25 -86.38 4 1.2 0 0 0 318
2014 04 14 21 23 15 12.41 -86.53 6 1.9 0 0 0 319
2014 04 14 21 40 33 12.26 -86.36 5 3.4 0 0 0 320
2014 04 14 21 46 27 12.29 -86.37 5 2.2 0 0 0 321
2014 04 14 21 51 45 12.22 -86.37 0 1.7 0 0 0 322
2014 04 14 22 19 29 12.21 -86.37 13 2.9 0 0 0 323
2014 04 14 23 16 11 12.25 -86.38 6 1.5 0 0 0 324
2014 04 14 23 59 20 12.2 -86.41 18 3.1 0 0 0 325
2014 04 15 0 04 31 12.26 -86.38 2 3.1 0 0 0 326
2014 04 15 0 09 01 12.4 -86.53 0 1.3 0 0 0 327
2014 04 15 0 34 44 12.24 -86.37 4 1.6 0 0 0 328
2014 04 15 0 45 46 12.24 -86.38 12 1.8 0 0 0 329
2014 04 15 0 53 43 12.23 -86.38 12 2.5 0 0 0 330
2014 04 15 1 06 34 12.4 -86.5 7 3.1 0 0 0 331
2014 04 15 1 12 47 12.35 -86.47 3 1.3 0 0 0 332
2014 04 15 2 07 33 12.4 -86.49 4 2.0 0 0 0 333
2014 04 15 2 15 48 12.28 -86.32 2 1.9 0 0 0 334
2014 04 15 2 33 36 12.22 -86.34 4 1.9 0 0 0 335
2014 04 15 3 02 30 12.37 -86.43 4 2.6 0 0 0 336
2014 04 15 3 14 40 12.37 -86.49 15 2.3 0 0 0 337
2014 04 15 3 24 11 12.24 -86.36 6 1.4 0 0 0 338
2014 04 15 3 41 44 12.38 -86.44 6 3.3 0 0 0 339
2014 04 15 3 47 26 12.39 -86.51 16 1.8 0 0 0 340
2014 04 15 4 00 46 12.25 -86.38 14 2.7 0 0 0 341
2014 04 15 4 15 46 12.21 -86.32 6 2.6 0 0 0 342
2014 04 15 4 28 07 12.2 -86.32 6 4.2 0 0 0 343
2014 04 15 5 15 40 12.29 -86.35 12 1.4 0 0 0 344
2014 04 15 5 35 44 12.31 -86.47 16 1.9 0 0 0 345
2014 04 15 6 30 56 12.32 -86.42 13 1.2 0 0 0 346
2014 04 15 6 50 04 12.39 -86.5 12 1.7 0 0 0 347
2014 04 15 7 04 05 12.2 -86.31 6 3.5 0 0 0 348
2014 04 15 7 09 54 12.21 -86.31 6 3.3 0 0 0 349
2014 04 15 7 23 17 12.2 -86.33 6 2.1 0 0 0 350
2014 04 15 7 37 59 12.23 -86.39 19 2.2 0 0 0 351
2014 04 15 8 18 01 12.23 -86.37 5 1.6 0 0 0 352
2014 04 15 8 20 21 12.24 -86.35 10 2.2 0 0 0 353
2014 04 15 8 56 52 12.36 -86.44 6 2.3 0 0 0 354
2014 04 15 9 18 25 12.38 -86.45 6 1.9 0 0 0 355
2014 04 15 9 27 05 12.37 -86.45 6 1.5 0 0 0 356
2014 04 15 10 01 13 12.22 -86.38 6 2.0 0 0 0 357
2014 04 15 11 20 58 12.18 -86.36 6 1.8 0 0 0 358
2014 04 15 11 28 03 12.19 -86.34 4 1.3 0 0 0 359
2014 04 15 12 02 00 12.24 -86.36 4 2.7 0 0 0 360
2014 04 15 12 30 33 12.22 -86.37 5 1.4 0 0 0 361
2014 04 15 12 48 12 12.25 -86.35 6 3.3 0 0 0 362
2014 04 15 13 03 22 12.38 -86.52 13 2.4 0 0 0 363
2014 04 15 13 14 09 12.37 -86.46 8 2.5 0 0 0 364
2014 04 15 13 17 49 12.37 -86.45 9 3.2 0 0 0 365
2014 04 15 14 50 10 12.41 -86.5 6 2.2 0 0 0 366
2014 04 15 16 28 23 12.36 -86.55 5 1.2 0 0 0 367
2014 04 15 17 25 59 12.36 -86.52 2 1.0 0 0 0 368
2014 04 15 18 08 46 12.38 -86.47 13 2.7 0 0 0 369
2014 04 15 18 30 44 12.42 -86.5 5 3.2 0 0 0 370
2014 04 15 18 50 04 12.42 -86.5 6 2.8 0 0 0 371
2014 04 15 19 42 44 12.45 -86.45 4 2.6 0 0 0 372
2014 04 15 19 47 50 12.37 -86.54 0 1.4 0 0 0 373
2014 04 15 19 54 59 12.38 -86.46 6 2.6 0 0 0 374
2014 04 15 20 53 56 12.4 -86.48 9 2.3 0 0 0 375
2014 04 15 21 39 21 12.44 -86.52 7 1.4 0 0 0 376
2014 04 16 3 18 32 12.35 -86.46 6 3.8 0 0 0 377
2014 04 16 3 48 38 12.36 -86.46 6 2.0 0 0 0 378
2014 04 16 4 22 45 12.31 -86.46 4 2.5 0 0 0 379
2014 04 16 4 51 33 12.18 -86.39 6 1.5 0 0 0 380
2014 04 16 5 21 52 12.4 -86.45 6 2.3 0 0 0 381
2014 04 16 5 25 14 12.38 -86.52 4 2.0 0 0 0 382
2014 04 16 6 52 18 12.37 -86.49 4 1.8 0 0 0 383
2014 04 16 7 19 52 12.42 -86.5 6 1.8 0 0 0 384
2014 04 16 10 13 07 12.44 -86.36 16 1.3 0 0 0 385
2014 04 16 10 58 02 12.39 -86.43 1 2.3 0 0 0 386
2014 04 16 11 46 07 12.29 -86.33 2 2.2 0 0 0 387
2014 04 16 12 52 08 12.34 -86.47 1 2.1 0 0 0 388
2014 04 16 14 32 50 12.31 -86.49 2 1.4 0 0 0 389
2014 04 16 15 40 07 12.35 -86.48 12 1.7 0 0 0 390
2014 04 16 15 43 24 12.39 -86.47 7 2.5 0 0 0 391
2014 04 16 16 04 31 12.21 -86.38 5 1.3 0 0 0 392
2014 04 16 17 09 06 12.39 -86.45 2 3.1 0 0 0 393
2014 04 16 17 59 06 12.32 -86.51 17 2.9 0 0 0 394
2014 04 16 19 13 37 12.31 -86.44 13 2.1 0 0 0 395
2014 04 16 19 40 09 12.27 -86.36 2 1.6 0 0 0 396
2014 04 16 20 19 53 12.25 -86.38 5 1.6 0 0 0 397
2014 04 16 22 44 53 12.2 -86.34 6 2.8 0 0 0 398
2014 04 16 22 53 26 12.24 -86.34 2 1.8 0 0 0 399
2014 04 16 23 34 35 12.14 -86.35 4 2.3 0 0 0 400
2014 04 16 23 55 15 12.2 -86.34 13 1.1 0 0 0 401
2014 04 17 0 11 45 12.37 -86.45 6 2.3 0 0 0 402
2014 04 17 1 36 25 12.36 -86.5 13 1.7 0 0 0 403
2014 04 17 2 15 26 12.18 -86.34 6 2.0 0 0 0 404
2014 04 17 3 12 52 12.21 -86.38 2 1.4 0 0 0 405
2014 04 17 3 29 06 12.25 -86.38 4 2.0 0 0 0 406
2014 04 17 4 24 19 12.23 -86.37 7 1.9 0 0 0 407
2014 04 17 4 34 41 12.23 -86.35 15 2.5 0 0 0 408
2014 04 17 6 16 09 12.2 -86.31 4 1.7 0 0 0 409
2014 04 17 6 40 47 12.16 -86.37 2 1.5 0 0 0 410
2014 04 17 6 44 21 12.37 -86.49 13 2.2 0 0 0 411
2014 04 17 6 56 26 12.17 -86.32 14 1.9 0 0 0 412
2014 04 17 7 59 60 12.21 -86.32 6 2.3 0 0 0 413
2014 04 17 9 00 39 12.15 -86.33 12 1.9 0 0 0 414
2014 04 17 9 07 38 12.18 -86.33 6 2.5 0 0 0 415
2014 04 17 9 20 17 12.19 -86.33 1 1.4 0 0 0 416
2014 04 17 9 25 51 12.23 -86.33 6 1.8 0 0 0 417
2014 04 17 10 13 02 12.33 -86.45 8 1.1 0 0 0 418
2014 04 17 10 36 59 12.18 -86.33 6 2.5 0 0 0 419
2014 04 17 10 44 32 12.16 -86.31 15 2.2 0 0 0 420
2014 04 17 11 04 06 12.15 -86.33 15 2.1 0 0 0 421
2014 04 17 14 27 28 12.37 -86.44 4 3.3 0 0 0 422
2014 04 17 15 45 08 12.39 -86.43 2 3.0 0 0 0 423
2014 04 17 15 53 58 12.18 -86.36 8 2.2 0 0 0 424
2014 04 17 19 17 35 12.36 -86.52 6 1.5 0 0 0 425
2014 04 17 20 20 47 12.41 -86.54 6 3.0 0 0 0 426
2014 04 17 22 15 43 12.39 -86.55 2 1.3 0 0 0 427
2014 04 17 22 16 49 12.43 -86.57 2 1.0 0 0 0 428
2014 04 17 22 32 17 12.2 -86.34 5 3.7 0 0 0 429
2014 04 17 22 35 49 12.18 -86.33 15 2.8 0 0 0 430
2014 04 17 23 06 21 12.35 -86.52 13 1.4 0 0 0 431
2014 04 17 23 22 23 12.3 -86.47 10 1.8 0 0 0 432
2014 04 17 23 42 21 12.2 -86.34 5 2.5 0 0 0 433
2014 04 18 0 19 05 12.37 -86.47 2 3.9 0 0 0 434
2014 04 18 1 10 13 12.18 -86.34 6 1.8 0 0 0 435
2014 04 18 1 37 53 12.3 -86.45 2 2.8 0 0 0 436
2014 04 18 2 04 27 12.32 -86.46 13 1.7 0 0 0 437
2014 04 18 3 42 53 12.38 -86.5 10 2.8 0 0 0 438
2014 04 18 4 51 24 12.22 -86.33 14 2.2 0 0 0 439
2014 04 18 5 52 55 12.21 -86.36 5 1.0 0 0 0 440
2014 04 18 6 26 24 12.26 -86.3 12 1.7 0 0 0 441
2014 04 18 6 27 60 12.13 -86.36 6 1.0 0 0 0 442
2014 04 18 8 28 30 12.17 -86.34 5 1.7 0 0 0 443
2014 04 18 11 26 45 12.41 -86.56 4 1.4 0 0 0 444
2014 04 18 12 05 17 12.36 -86.46 6 2.5 0 0 0 445
2014 04 18 12 21 58 12.35 -86.45 4 4.4 0 0 0 446
2014 04 18 12 26 45 12.34 -86.5 0 3.7 0 0 0 447
2014 04 18 12 32 51 12.32 -86.44 4 3.0 0 0 0 448
2014 04 18 14 09 20 12.25 -86.35 14 2.6 0 0 0 449
2014 04 18 14 15 09 12.35 -86.45 13 2.3 0 0 0 450
2014 04 18 15 17 14 12.35 -86.44 1 1.9 0 0 0 451
2014 04 18 16 51 38 12.34 -86.45 4 2.2 0 0 0 452
2014 04 18 17 21 29 12.39 -86.48 6 3.0 0 0 0 453
2014 04 18 17 24 00 12.4 -86.51 12 1.9 0 0 0 454
2014 04 18 20 10 31 12.38 -86.52 7 1.3 0 0 0 455
2014 04 18 21 31 24 12.38 -86.47 10 2.2 0 0 0 456
2014 04 18 23 36 50 12.35 -86.59 10 1.6 0 0 0 457
2014 04 19 1 11 29 12.38 -86.57 13 1.1 0 0 0 458
2014 04 19 3 03 01 12.4 -86.52 15 1.7 0 0 0 459
2014 04 19 4 28 33 12.37 -86.49 8 1.9 0 0 0 460
2014 04 19 6 11 59 12.4 -86.54 5 1.2 0 0 0 461
2014 04 19 6 40 24 12.38 -86.53 5 1.4 0 0 0 462
2014 04 19 6 59 08 12.39 -86.55 4 1.2 0 0 0 463
2014 04 19 7 06 33 12.3 -86.47 5 1.7 0 0 0 464
2014 04 19 7 58 23 12.36 -86.54 8 1.3 0 0 0 465
2014 04 19 8 23 04 12.37 -86.45 13 1.4 0 0 0 466
2014 04 19 8 28 53 12.37 -86.48 9 1.4 0 0 0 467
2014 04 19 8 28 54 12.35 -86.54 4 1.1 0 0 0 468
2014 04 19 12 52 59 12.18 -86.68 40 1.9 0 0 0 469
2014 04 19 13 44 28 12.35 -86.48 1 3.9 0 0 0 470
2014 04 19 14 18 03 12.38 -86.5 6 1.7 0 0 0 471
2014 04 19 14 33 32 12.36 -86.51 5 2.4 0 0 0 472
2014 04 19 17 40 17 12.39 -86.52 5 1.9 0 0 0 473
2014 04 19 18 18 15 12.4 -86.51 6 4.0 0 0 0 474
2014 04 19 18 59 08 12.18 -86.33 8 1.3 0 0 0 475
2014 04 19 19 09 45 12.41 -86.55 5 1.6 0 0 0 476
2014 04 19 19 25 49 12.41 -86.53 14 1.8 0 0 0 477
2014 04 19 22 18 08 12.38 -86.53 13 2.2 0 0 0 478
2014 04 20 0 23 05 12.35 -86.48 16 2.5 0 0 0 479
2014 04 20 0 27 38 12.41 -86.51 13 2.6 0 0 0 480
2014 04 20 3 34 39 12.39 -86.5 14 2.3 0 0 0 481
2014 04 20 3 57 33 12.39 -86.48 6 3.1 0 0 0 482
2014 04 20 4 24 04 12.38 -86.46 5 2.9 0 0 0 483
2014 04 20 5 25 02 12.3 -86.63 6 1.7 0 0 0 484
2014 04 20 5 32 40 12.39 -86.49 7 2.4 0 0 0 485
2014 04 20 9 20 53 12.45 -86.53 6 2.2 0 0 0 486
2014 04 20 9 23 20 12.44 -86.54 6 2.9 0 0 0 487
2014 04 20 9 36 25 12.2 -86.36 14 2.3 0 0 0 488
2014 04 20 11 43 41 12.41 -86.51 5 2.5 0 0 0 489
2014 04 20 11 46 05 12.42 -86.51 6 2.3 0 0 0 490
2014 04 20 12 12 15 12.41 -86.5 5 1.8 0 0 0 491
2014 04 20 14 42 22 12.4 -86.49 4 3.0 0 0 0 492
2014 04 20 19 51 43 12.36 -86.47 7 2.9 0 0 0 493
2014 04 20 20 15 37 12.3 -86.51 18 1.3 0 0 0 494
2014 04 20 20 22 28 12.32 -86.51 10 1.2 0 0 0 495
2014 04 21 0 15 54 12.38 -86.56 2 1.5 0 0 0 496
2014 04 21 3 35 51 12.2 -86.38 5 1.4 0 0 0 497
2014 04 21 5 14 36 12.38 -86.56 8 1.6 0 0 0 498
2014 04 21 5 29 39 12.34 -86.53 6 1.3 0 0 0 499
2014 04 21 5 34 34 12.38 -86.56 5 1.1 0 0 0 500
2014 04 21 6 51 48 12.34 -86.47 6 1.5 0 0 0 501
2014 04 21 6 54 03 12.37 -86.56 5 1.3 0 0 0 502
2014 04 21 8 30 16 12.37 -86.56 7 1.2 0 0 0 503
2014 04 21 12 25 58 12.36 -86.55 2 1.0 0 0 0 504
2014 04 21 13 09 06 12.36 -86.54 2 1.4 0 0 0 505
2014 04 21 15 45 38 12.39 -86.56 4 1.4 0 0 0 506
2014 04 21 15 53 33 12.37 -86.54 2 1.4 0 0 0 507
2014 04 21 16 57 36 12.31 -86.45 15 1.1 0 0 0 508
2014 04 21 17 36 56 12.34 -86.47 5 2.1 0 0 0 509
2014 04 21 20 35 12 12.4 -86.49 7 1.8 0 0 0 510
2014 04 22 0 18 08 12.37 -86.46 10 2.4 0 0 0 511
2014 04 22 1 45 11 12.42 -86.53 11 3.0 0 0 0 512
2014 04 22 4 14 50 12.37 -86.47 16 2.6 0 0 0 513
2014 04 22 4 18 39 12.43 -86.49 6 5.2 0 0 0 514
2014 04 22 4 22 22 12.4 -86.5 17 3.1 0 0 0 515
2014 04 22 4 24 19 12.42 -86.47 17 2.8 0 0 0 516
2014 04 22 4 25 27 12.42 -86.5 15 2.2 0 0 0 517
2014 04 22 4 26 10 12.48 -86.55 1 1.7 0 0 0 518
2014 04 22 4 27 54 12.42 -86.52 15 2.6 0 0 0 519
2014 04 22 4 35 43 12.48 -86.53 14 2.1 0 0 0 520
2014 04 22 4 41 24 12.48 -86.56 18 1.4 0 0 0 521
2014 04 22 5 00 34 12.46 -86.58 6 1.5 0 0 0 522
2014 04 22 5 05 18 12.51 -86.53 4 2.7 0 0 0 523
2014 04 22 5 14 46 12.41 -86.61 5 1.1 0 0 0 524
2014 04 22 5 33 38 12.36 -86.63 2 1.0 0 0 0 525
2014 04 22 6 23 28 12.36 -86.55 5 1.3 0 0 0 526
2014 04 22 6 24 13 12.42 -86.5 7 3.4 0 0 0 527
2014 04 22 6 25 18 12.32 -86.53 10 1.6 0 0 0 528
2014 04 22 8 46 49 12.42 -86.54 11 1.3 0 0 0 529
2014 04 22 9 29 47 12.33 -86.45 6 2.9 0 0 0 530
2014 04 22 10 13 30 12.37 -86.49 15 1.6 0 0 0 531
2014 04 22 11 09 50 12.29 -86.5 3 1.5 0 0 0 532
2014 04 22 11 30 24 12.34 -86.47 2 2.8 0 0 0 533
2014 04 22 13 18 56 12.47 -86.57 16 1.5 0 0 0 534
2014 04 22 14 23 32 12.35 -86.4 2 2.2 0 0 0 535
2014 04 22 15 00 09 12.36 -86.44 14 1.3 0 0 0 536
2014 04 22 20 30 11 12.4 -86.44 8 3.0 0 0 0 537
2014 04 22 20 41 03 12.46 -86.53 20 1.8 0 0 0 538
2014 04 23 1 05 49 12.38 -86.48 14 1.9 0 0 0 539
2014 04 23 1 11 56 12.38 -86.52 14 2.0 0 0 0 540
2014 04 23 1 33 26 12.39 -86.48 10 2.0 0 0 0 541
2014 04 23 1 43 14 12.38 -86.52 15 1.5 0 0 0 542
2014 04 23 3 04 19 12.39 -86.52 6 2.8 0 0 0 543
2014 04 23 3 54 40 12.35 -86.5 2 2.9 0 0 0 544
2014 04 23 4 04 13 12.38 -86.51 3 2.8 0 0 0 545
2014 04 23 4 44 44 12.4 -86.47 6 4.1 0 0 0 546
2014 04 23 4 49 10 12.44 -86.52 18 2.5 0 0 0 547
2014 04 23 4 58 51 12.45 -86.54 21 1.6 0 0 0 548
2014 04 23 5 45 36 12.5 -86.57 21 1.7 0 0 0 549
2014 04 23 6 14 50 12.48 -86.51 2 1.8 0 0 0 550
2014 04 23 9 25 36 12.41 -86.65 15 1.9 0 0 0 551
2014 04 23 15 12 21 12.36 -86.49 2 2.1 0 0 0 552
2014 04 23 15 15 27 12.38 -86.47 6 2.5 0 0 0 553
2014 04 23 16 12 49 12.34 -86.46 2 1.6 0 0 0 554
2014 04 23 20 02 48 12.41 -86.48 10 2.9 0 0 0 555
2014 04 23 20 04 10 12.38 -86.56 13 2.0 0 0 0 556
2014 04 23 20 13 15 12.4 -86.5 13 2.5 0 0 0 557
2014 04 23 23 31 40 12.39 -86.64 10 1.8 0 0 0 558
2014 04 24 0 33 32 12.09 -86.27 17 1.4 0 0 0 559
2014 04 24 3 35 53 12.38 -86.45 3 3.3 0 0 0 560
2014 04 24 4 24 52 12.34 -86.48 15 1.3 0 0 0 561
2014 04 24 7 06 30 12.32 -86.46 7 1.8 0 0 0 562
2014 04 24 7 10 59 12.36 -86.47 2 2.1 0 0 0 563
2014 04 24 7 18 30 12.34 -86.48 6 1.6 0 0 0 564
2014 04 24 9 10 60 12.38 -86.52 10 1.6 0 0 0 565
2014 04 24 9 12 60 12.37 -86.54 9 1.7 0 0 0 566
2014 04 24 9 13 11 12.38 -86.5 6 4.4 0 0 0 567
2014 04 24 9 25 49 12.38 -86.49 10 1.7 0 0 0 568
2014 04 24 9 26 52 12.39 -86.5 13 1.8 0 0 0 569
2014 04 24 9 38 56 12.4 -86.48 6 3.2 0 0 0 570
2014 04 24 11 11 59 12.37 -86.46 13 2.3 0 0 0 571
2014 04 24 13 16 00 12.41 -86.52 14 1.2 0 0 0 572
2014 04 24 21 25 08 12.39 -86.47 9 1.6 0 0 0 573
2014 04 24 22 12 02 12.34 -86.51 15 1.7 0 0 0 574
2014 04 25 2 15 55 12.23 -86.34 12 1.7 0 0 0 575
2014 04 25 2 20 36 12.42 -86.54 10 1.2 0 0 0 576
2014 04 25 2 21 12 12.4 -86.53 1 0.6 0 0 0 577
2014 04 25 2 32 58 12.4 -86.51 12 1.5 0 0 0 578
2014 04 25 3 04 07 12.33 -86.56 21 0.9 0 0 0 579
2014 04 25 3 41 35 12.36 -86.48 18 1.4 0 0 0 580
2014 04 25 5 13 46 12.4 -86.37 6 1.5 0 0 0 581
2014 04 25 11 38 46 12.4 -86.51 10 1.1 0 0 0 582
2014 04 25 14 18 41 12.38 -86.51 15 1.4 0 0 0 583
2014 04 25 14 20 29 12.36 -86.49 6 2.5 0 0 0 584
2014 04 25 14 24 38 12.37 -86.47 6 2.3 0 0 0 585
2014 04 25 15 28 00 12.14 -86.27 10 1.6 0 0 0 586
2014 04 25 16 37 21 12.16 -86.34 9 2.4 0 0 0 587
2014 04 25 16 37 56 12.16 -86.34 6 2.5 0 0 0 588
2014 04 25 16 55 07 12.15 -86.27 19 2.6 0 0 0 589
2014 04 25 17 20 31 12.4 -86.53 6 1.2 0 0 0 590
2014 04 25 20 00 46 12.37 -86.47 14 2.0 0 0 0 591
2014 04 25 20 36 57 12.36 -86.49 6 1.5 0 0 0 592
2014 04 26 6 30 37 12.4 -86.57 3 1.0 0 0 0 593
2014 04 26 9 33 05 12.35 -86.46 2 3.6 0 0 0 594
2014 04 26 16 52 46 12.26 -86.37 4 2.4 0 0 0 595
2014 04 26 19 17 52 12.35 -86.48 7 2.6 0 0 0 596
2014 04 27 2 00 46 12.38 -86.47 8 2.5 0 0 0 597
2014 04 27 2 01 32 12.38 -86.51 5 3.2 0 0 0 598
2014 04 27 2 06 25 12.36 -86.46 3 3.2 0 0 0 599
2014 04 27 4 30 44 12.44 -86.54 6 2.2 0 0 0 600
2014 04 27 6 19 24 12.37 -86.49 15 2.5 0 0 0 601
2014 04 27 14 33 38 12.4 -86.52 11 2.0 0 0 0 602
2014 04 27 15 33 05 12.35 -86.56 2 1.6 0 0 0 603
2014 04 27 16 04 34 12.37 -86.52 11 2.8 0 0 0 604
2014 04 27 18 51 48 12.37 -86.53 10 1.6 0 0 0 605
2014 04 27 19 13 29 12.43 -86.53 8 2.0 0 0 0 606
2014 04 28 4 00 48 12.36 -86.47 6 3.3 0 0 0 607
2014 04 28 4 06 55 12.38 -86.51 7 2.4 0 0 0 608
2014 04 28 9 42 22 12.37 -86.46 6 3.0 0 0 0 609
2014 04 28 10 03 52 12.37 -86.46 7 2.8 0 0 0 610
2014 04 28 10 33 25 12.36 -86.49 12 1.7 0 0 0 611
2014 04 28 10 52 12 12.37 -86.49 10 2.0 0 0 0 612
2014 04 28 16 57 52 12.4 -86.51 1 1.4 0 0 0 613
2014 04 28 17 19 33 12.33 -86.55 2 1.1 0 0 0 614
2014 04 28 22 09 19 12.38 -86.52 6 1.9 0 0 0 615
2014 04 28 22 13 19 12.37 -86.56 6 1.5 0 0 0 616
2014 04 29 0 33 10 12.33 -86.55 2 1.6 0 0 0 617
2014 04 29 1 59 31 12.36 -86.53 3 1.7 0 0 0 618
2014 04 29 2 29 36 12.38 -86.49 3 1.6 0 0 0 619
2014 04 29 3 43 18 12.35 -86.47 13 2.6 0 0 0 620
2014 04 29 5 31 59 12.46 -86.49 5 1.7 0 0 0 621
2014 04 29 7 32 51 12.48 -86.66 155 2.3 0 0 0 622
2014 04 29 7 50 57 12.42 -86.52 2 1.2 0 0 0 623
2014 04 29 14 52 26 12.4 -86.52 8 3.2 0 0 0 624
2014 04 29 15 40 49 12.4 -86.47 2 1.3 0 0 0 625
2014 04 29 21 56 43 12.35 -86.55 5 1.3 0 0 0 626
2014 04 30 0 51 51 12.39 -86.51 5 2.5 0 0 0 627
2014 04 30 1 29 15 12.39 -86.56 1 1.4 0 0 0 628
2014 04 30 1 29 29 12.39 -86.57 2 1.8 0 0 0 629
2014 04 30 6 25 41 12.41 -86.57 5 1.6 0 0 0 630
2014 04 30 8 15 49 12.34 -86.45 5 2.6 0 0 0 631
2014 04 30 10 29 20 12.12 -86.27 1 1.5 0 0 0 632
2014 04 30 21 26 36 12.32 -86.46 2 1.5 0 0 0 633
2014 04 30 22 47 47 12.39 -86.54 3 1.1 0 0 0 634
2014 05 01 1 08 07 12.38 -86.49 10 1.9 0 0 0 635
2014 05 01 1 14 50 12.42 -86.58 1 1.3 0 0 0 636
2014 05 01 2 52 24 12.31 -86.4 4 1.3 0 0 0 637
2014 05 01 4 41 12 12.35 -86.48 5 1.3 0 0 0 638
2014 05 01 10 08 54 12.41 -86.51 10 1.5 0 0 0 639
2014 05 01 11 28 15 12.36 -86.47 9 1.6 0 0 0 640
2014 05 01 13 23 51 12.37 -86.5 15 2.5 0 0 0 641
2014 05 01 13 25 28 12.37 -86.44 3 4.7 0 0 0 642
2014 05 01 13 28 10 12.35 -86.46 2 2.1 0 0 0 643
2014 05 01 13 47 35 12.38 -86.47 11 1.9 0 0 0 644
2014 05 01 13 52 08 12.34 -86.47 7 1.2 0 0 0 645
2014 05 01 14 04 04 12.38 -86.48 12 1.7 0 0 0 646
2014 05 01 14 11 05 12.33 -86.47 2 3.1 0 0 0 647
2014 05 01 17 49 55 12.41 -86.52 4 3.5 0 0 0 648
2014 05 01 18 23 05 12.38 -86.47 11 1.7 0 0 0 649
2014 05 01 21 35 46 12.06 -86.46 154 3.6 0 0 0 650
2014 05 01 23 07 14 12.38 -86.52 13 1.5 0 0 0 651
2014 05 02 0 08 24 12.39 -86.5 10 2.0 0 0 0 652
2014 05 02 0 37 01 12.34 -86.5 10 1.4 0 0 0 653
2014 05 02 0 48 23 12.4 -86.57 2 1.2 0 0 0 654
2014 05 02 0 56 11 12.4 -86.57 6 1.1 0 0 0 655
2014 05 02 1 01 29 12.41 -86.51 4 1.0 0 0 0 656
2014 05 02 2 07 36 12.34 -86.47 8 2.5 0 0 0 657
2014 05 02 2 48 41 12.24 -86.37 5 3.6 0 0 0 658
2014 05 02 3 31 06 12.36 -86.49 4 2.3 0 0 0 659
2014 05 02 3 42 49 12.26 -86.39 4 1.8 0 0 0 660
2014 05 02 3 53 41 12.25 -86.36 3 1.5 0 0 0 661
2014 05 02 3 56 05 12.24 -86.38 1 1.3 0 0 0 662
2014 05 02 4 21 56 12.4 -86.52 5 3.9 0 0 0 663
2014 05 02 4 25 22 12.4 -86.52 3 2.4 0 0 0 664
2014 05 02 4 26 39 12.23 -86.38 1 1.8 0 0 0 665
2014 05 02 5 16 05 12.43 -86.55 9 1.3 0 0 0 666
2014 05 02 5 16 26 12.41 -86.57 5 1.6 0 0 0 667
2014 05 02 5 17 36 12.4 -86.53 6 2.2 0 0 0 668
2014 05 02 5 17 48 12.44 -86.53 7 1.7 0 0 0 669
2014 05 02 5 25 28 12.4 -86.52 6 2.2 0 0 0 670
2014 05 02 6 14 22 12.43 -86.54 6 1.4 0 0 0 671
2014 05 02 11 13 52 12.35 -86.6 2 1.5 0 0 0 672
2014 05 02 12 50 32 12.31 -86.45 2 1.7 0 0 0 673
2014 05 02 13 10 52 12.43 -86.55 5 1.2 0 0 0 674
2014 05 02 17 43 04 12.41 -86.52 11 1.1 0 0 0 675
2014 05 02 19 37 16 12.36 -86.56 3 1.5 0 0 0 676
2014 05 03 2 04 08 12.38 -86.59 7 1.0 0 0 0 677
2014 05 03 6 03 50 12.38 -86.49 6 1.2 0 0 0 678
2014 05 03 8 28 47 12.32 -86.44 8 2.6 0 0 0 679
2014 05 03 22 34 29 12.39 -86.53 13 2.4 0 0 0 680
2014 05 04 1 49 23 12.27 -86.55 7 1.1 0 0 0 681
2014 05 04 3 42 05 12.4 -86.49 14 1.1 0 0 0 682
2014 05 04 4 53 08 12.4 -86.54 8 1.2 0 0 0 683
2014 05 04 7 36 02 12.4 -86.51 4 1.3 0 0 0 684
2014 05 04 12 06 45 12.36 -86.42 3 1.1 0 0 0 685
2014 05 04 12 13 07 12.38 -86.57 2 0.8 0 0 0 686
2014 05 04 12 44 05 12.4 -86.56 2 1.0 0 0 0 687
2014 05 04 23 30 49 12.35 -86.48 7 2.6 0 0 0 688
2014 05 05 12 36 11 12.42 -86.53 8 1.7 0 0 0 689
2014 05 05 19 46 58 12.27 -86.38 6 1.3 0 0 0 690
2014 05 05 22 31 58 12.38 -86.4 5 1.5 0 0 0 691
2014 05 05 22 37 38 12.39 -86.44 10 1.3 0 0 0 692
2014 05 05 23 41 26 12.42 -86.56 1 1.0 0 0 0 693
2014 05 06 1 45 07 12.39 -86.51 5 1.2 0 0 0 694
2014 05 06 2 47 32 12.45 -86.54 6 1.3 0 0 0 695
2014 05 06 12 43 47 12.38 -86.5 14 1.3 0 0 0 696
2014 05 07 0 21 38 12.45 -86.53 5 1.1 0 0 0 697
2014 05 07 1 20 34 12.38 -86.52 10 1.3 0 0 0 698
2014 05 07 1 39 26 12.38 -86.52 8 1.3 0 0 0 699
2014 05 07 2 59 53 12.23 -86.37 3 1.9 0 0 0 700
2014 05 07 6 15 26 12.35 -86.47 6 1.7 0 0 0 701
2014 05 07 12 51 03 12.39 -86.51 7 1.2 0 0 0 702
2014 05 07 12 53 30 12.44 -86.5 6 1.4 0 0 0 703
2014 05 07 15 35 29 12.39 -86.51 12 1.7 0 0 0 704
2014 05 07 23 19 50 12.3 -86.47 2 2.0 0 0 0 705
2014 05 08 3 05 38 12.34 -86.6 4 1.7 0 0 0 706
2014 05 08 3 35 35 12.38 -86.5 11 1.5 0 0 0 707
2014 05 08 3 57 44 12.4 -86.49 10 1.5 0 0 0 708
2014 05 08 6 59 40 12.41 -86.54 15 2.3 0 0 0 709
2014 05 08 16 00 58 12.42 -86.53 6 2.2 0 0 0 710
2014 05 08 16 25 06 12.41 -86.57 10 1.5 0 0 0 711
2014 05 08 23 37 26 12.15 -86.44 5 1.9 0 0 0 712
2014 05 09 2 39 15 12.31 -86.46 3 0.7 0 0 0 713
2014 05 09 3 35 18 12.38 -86.51 8 1.1 0 0 0 714
2014 05 09 4 29 37 12.4 -86.5 2 1.0 0 0 0 715
2014 05 09 5 01 32 12.35 -86.49 2 0.8 0 0 0 716
2014 05 09 6 30 38 12.38 -86.47 3 1.2 0 0 0 717
2014 05 09 7 08 15 12.36 -86.47 7 1.4 0 0 0 718
2014 05 09 10 29 52 12.34 -86.49 5 1.2 0 0 0 719
2014 05 09 14 00 14 12.42 -86.45 14 1.2 0 0 0 720
2014 05 09 16 49 33 12.4 -86.55 1 0.9 0 0 0 721
2014 05 09 19 01 31 12.38 -86.47 10 1.9 0 0 0 722
2014 05 09 23 30 41 12.43 -86.64 5 1.0 0 0 0 723
2014 05 09 23 43 10 12.38 -86.41 3 2.4 0 0 0 724
2014 05 10 18 21 44 12.44 -86.54 6 1.9 0 0 0 725
2014 05 11 5 43 51 12.44 -86.62 9 1.4 0 0 0 726
2014 05 11 8 18 16 12.38 -86.51 10 1.6 0 0 0 727
2014 05 11 11 00 33 12.38 -86.48 9 2.0 0 0 0 728
2014 05 12 0 32 40 12.32 -86.5 3 2.3 0 0 0 729
2014 05 12 4 58 19 12.41 -86.5 3 2.2 0 0 0 730
2014 05 12 11 13 19 12.45 -86.44 4 2.3 0 0 0 731
2014 05 12 18 48 31 12.32 -86.4 2 1.9 0 0 0 732
2014 05 13 5 28 00 12.42 -86.52 5 2.0 0 0 0 733
2014 05 13 6 41 22 12.38 -86.57 2 1.5 0 0 0 734
2014 05 13 13 26 48 12.36 -86.5 9 1.7 0 0 0 735
2014 05 14 11 16 34 12.33 -86.43 5 2.8 0 0 0 736
2014 05 14 12 49 30 12.37 -86.54 4 1.2 0 0 0 737
2014 05 15 1 49 57 12.24 -86.36 4 2.5 0 0 0 738
2014 05 15 6 28 06 12.38 -86.59 6 1.1 0 0 0 739
2014 05 15 12 18 13 12.37 -86.54 10 1.6 0 0 0 740
2014 05 15 13 53 17 12.39 -86.53 4 1.3 0 0 0 741
2014 05 15 14 07 54 12.42 -86.53 3 1.6 0 0 0 742
2014 05 15 16 07 20 12.33 -86.44 2 1.1 0 0 0 743
2014 05 15 19 02 24 12.33 -86.46 2 0.7 0 0 0 744
2014 05 15 23 04 46 12.44 -86.6 2 0.8 0 0 0 745
2014 05 16 3 37 35 12.4 -86.58 6 1.3 0 0 0 746
2014 05 16 4 29 29 12.36 -86.57 6 1.0 0 0 0 747
2014 05 16 6 07 32 12.35 -86.47 7 1.7 0 0 0 748
2014 05 16 14 44 51 12.41 -86.49 5 2.3 0 0 0 749
2014 05 16 15 10 34 12.43 -86.61 8 1.2 0 0 0 750
2014 05 16 16 10 51 12.41 -86.52 7 1.6 0 0 0 751
2014 05 16 16 14 35 12.42 -86.53 4 1.5 0 0 0 752
2014 05 16 17 17 41 12.43 -86.53 4 1.6 0 0 0 753
2014 05 16 18 02 38 12.41 -86.55 5 1.3 0 0 0 754
2014 05 16 19 02 02 12.41 -86.55 2 1.2 0 0 0 755
2014 05 16 19 02 42 12.41 -86.55 6 1.5 0 0 0 756
2014 05 17 0 27 21 12.39 -86.6 6 1.2 0 0 0 757
2014 05 17 20 17 07 12.37 -86.43 9 2.1 0 0 0 758
2014 05 18 7 59 32 12.33 -86.52 1 1.6 0 0 0 759
2014 05 18 8 20 27 12.35 -86.52 6 1.2 0 0 0 760
2014 05 19 7 51 35 12.47 -86.76 2 1.4 0 0 0 761
2014 05 19 22 33 32 12.28 -86.58 7 1.6 0 0 0 762
2014 05 20 3 03 15 12.07 -86.77 59 1.9 0 0 0 763
2014 05 20 9 23 01 12.38 -86.59 5 1.6 0 0 0 764
2014 05 20 11 20 25 12.39 -86.51 17 1.7 0 0 0 765
2014 05 20 11 22 39 12.4 -86.57 3 1.5 0 0 0 766
2014 05 20 19 26 35 12.39 -86.52 12 1.4 0 0 0 767
2014 05 20 21 37 11 12.37 -86.53 19 1.2 0 0 0 768
2014 05 20 22 20 27 12.4 -86.52 3 1.2 0 0 0 769
2014 05 20 23 02 34 12.39 -86.51 11 1.9 0 0 0 770
2014 05 21 1 26 21 12.37 -86.47 5 1.1 0 0 0 771
2014 05 21 1 52 22 12.32 -86.51 6 2.0 0 0 0 772
2014 05 21 19 53 36 12.4 -86.49 11 2.0 0 0 0 773
2014 05 21 21 26 29 12.41 -86.48 10 1.6 0 0 0 774
2014 05 21 23 00 60 12.38 -86.48 8 4.2 0 0 0 775
2014 05 22 0 18 59 12.4 -86.48 15 1.4 0 0 0 776
2014 05 22 0 27 38 12.37 -86.48 6 3.6 0 0 0 777
2014 05 22 0 31 38 12.39 -86.46 16 1.2 0 0 0 778
2014 05 22 0 43 36 12.39 -86.49 11 1.4 0 0 0 779
2014 05 22 0 45 18 12.35 -86.48 2 1.1 0 0 0 780
2014 05 22 1 04 60 12.41 -86.44 11 1.0 0 0 0 781
2014 05 22 1 13 46 12.39 -86.47 13 1.1 0 0 0 782
2014 05 22 1 18 35 12.38 -86.44 2 1.0 0 0 0 783
2014 05 22 1 29 11 12.36 -86.54 9 1.0 0 0 0 784
2014 05 22 1 45 51 12.43 -86.51 2 1.1 0 0 0 785
2014 05 22 4 11 10 12.37 -86.5 6 1.8 0 0 0 786
2014 05 22 12 08 07 12.41 -86.57 3 1.2 0 0 0 787
2014 05 23 21 40 23 12.03 -86.39 188 3.4 0 0 0 788
2014 05 24 0 28 57 12.38 -86.46 6 2.8 0 0 0 789
2014 05 24 8 52 48 12.41 -86.51 6 2.4 0 0 0 790
2014 05 25 1 29 31 12.38 -86.51 4 1.8 0 0 0 791
2014 05 25 2 32 48 12.38 -86.51 4 1.4 0 0 0 792
2014 05 25 16 48 49 12.39 -86.49 1 2.7 0 0 0 793
2014 05 25 17 11 43 12.39 -86.51 15 4.0 0 0 0 794
2014 05 25 17 21 26 12.39 -86.57 7 2.0 0 0 0 795
2014 05 25 17 40 06 12.38 -86.51 1 2.7 0 0 0 796
2014 05 25 19 07 53 12.41 -86.56 7 2.2 0 0 0 797
2014 05 25 19 15 33 12.39 -86.34 1 2.2 0 0 0 798
2014 05 26 0 04 12 12.41 -86.55 4 2.5 0 0 0 799
2014 05 26 3 50 05 12.38 -86.54 1 1.2 0 0 0 800
2014 05 26 3 52 06 12.39 -86.55 4 1.0 0 0 0 801
2014 05 26 4 32 28 12.39 -86.58 6 1.3 0 0 0 802
2014 05 26 6 27 36 12.37 -86.57 7 2.2 0 0 0 803
2014 05 26 6 30 16 12.4 -86.55 5 1.4 0 0 0 804
2014 05 26 8 47 31 12.39 -86.52 0 0.6 0 0 0 805
2014 05 26 9 00 47 12.4 -86.55 6 2.0 0 0 0 806
2014 05 26 9 07 41 12.4 -86.56 6 1.2 0 0 0 807
2014 05 26 9 17 32 12.4 -86.55 4 1.3 0 0 0 808
2014 05 26 10 47 35 12.36 -86.58 8 2.0 0 0 0 809
2014 05 26 10 48 36 12.35 -86.58 7 1.7 0 0 0 810
2014 05 26 12 47 56 12.38 -86.58 7 1.2 0 0 0 811
2014 05 26 13 34 53 12.4 -86.55 6 1.9 0 0 0 812
2014 05 26 16 09 02 12.43 -86.53 9 1.4 0 0 0 813
2014 05 27 0 12 44 12.4 -86.52 6 3.1 0 0 0 814
2014 05 27 3 11 50 12.38 -86.56 10 1.3 0 0 0 815
2014 05 27 6 09 32 12.47 -86.67 1 1.6 0 0 0 816
2014 05 28 0 14 32 12.27 -86.39 2 1.9 0 0 0 817
2014 05 28 5 33 59 12.43 -86.61 4 1.4 0 0 0 818
2014 05 28 6 55 05 12.41 -86.54 11 2.2 0 0 0 819
2014 05 28 11 48 35 12.44 -86.51 11 1.5 0 0 0 820
2014 05 28 13 43 43 12.39 -86.52 9 2.3 0 0 0 821
2014 05 29 2 33 55 12.34 -86.57 7 1.0 0 0 0 822
2014 05 29 5 57 18 12.44 -86.5 11 1.8 0 0 0 823
2014 05 29 11 13 23 12.32 -86.48 4 1.9 0 0 0 824
2014 05 29 11 48 49 12.34 -86.48 6 1.8 0 0 0 825
2014 05 30 4 03 17 12.38 -86.46 14 2.5 0 0 0 826
2014 05 30 19 06 31 12.34 -86.49 17 2.3 0 0 0 827
2014 05 30 21 11 20 12.45 -86.61 2 1.3 0 0 0 828
2014 05 31 1 07 53 12.44 -86.72 9 1.4 0 0 0 829
2014 05 31 1 23 38 12.36 -86.46 6 2.2 0 0 0 830
2014 05 31 1 40 23 12.37 -86.47 10 2.5 0 0 0 831
2014 05 31 1 41 41 12.35 -86.5 6 0.9 0 0 0 832
2014 05 31 9 49 13 12.34 -86.46 6 1.9 0 0 0 833
2014 05 31 16 13 35 12.35 -86.52 15 1.0 0 0 0 834
2014 06 01 3 04 21 12.33 -86.42 2 1.8 0 0 0 835
2014 06 01 10 10 02 12.4 -86.54 8 1.7 0 0 0 836
2014 06 01 11 38 16 12.25 -86.38 4 3.6 0 0 0 837
2014 06 01 11 50 42 12.26 -86.38 3 2.1 0 0 0 838
2014 06 01 11 51 04 12.22 -86.39 7 2.3 0 0 0 839
2014 06 01 11 55 06 12.26 -86.39 2 1.0 0 0 0 840
2014 06 01 12 03 18 12.25 -86.39 7 2.3 0 0 0 841
2014 06 01 12 03 41 12.25 -86.63 1 1.7 0 0 0 842
2014 06 01 12 04 50 12.24 -86.38 7 1.2 0 0 0 843
2014 06 01 12 16 13 12.24 -86.41 12 2.2 0 0 0 844
2014 06 01 15 53 41 12.25 -86.39 2 1.5 0 0 0 845
2014 06 01 15 53 58 12.25 -86.39 2 2.0 0 0 0 846
2014 06 01 15 58 11 12.27 -86.37 9 1.6 0 0 0 847
2014 06 01 19 51 15 12.34 -86.46 15 1.3 0 0 0 848
2014 06 01 23 37 50 12.37 -86.49 16 2.1 0 0 0 849
2014 06 02 3 18 57 12.41 -86.53 6 1.3 0 0 0 850
2014 06 02 14 42 59 12.41 -86.52 12 1.7 0 0 0 851
2014 06 03 4 14 11 12.37 -86.49 14 1.6 0 0 0 852
2014 06 03 5 10 00 12.38 -86.47 13 2.5 0 0 0 853
2014 06 03 12 57 33 12.27 -86.37 5 1.3 0 0 0 854
2014 06 03 14 52 01 12.39 -86.54 18 1.2 0 0 0 855
2014 06 04 5 04 53 12.36 -86.54 0 1.1 0 0 0 856
2014 06 04 7 08 12 12.41 -86.53 6 1.3 0 0 0 857
2014 06 04 12 17 42 12.36 -86.46 13 1.6 0 0 0 858
2014 06 04 12 30 46 12.36 -86.47 13 1.4 0 0 0 859
2014 06 04 15 59 12 12.41 -86.52 15 1.3 0 0 0 860
2014 06 04 21 40 30 12.34 -86.48 9 2.2 0 0 0 861
2014 06 05 6 31 31 12.38 -86.59 6 1.0 0 0 0 862
2014 06 05 6 53 49 12.39 -86.48 13 1.6 0 0 0 863
2014 06 05 23 20 02 12.39 -86.51 13 1.6 0 0 0 864
2014 06 06 3 28 42 12.39 -86.5 6 2.3 0 0 0 865
2014 06 08 2 14 29 12.37 -86.48 5 4.0 0 0 0 866
2014 06 08 2 17 49 12.38 -86.48 6 3.2 0 0 0 867
2014 06 08 2 23 19 12.4 -86.54 0 1.0 0 0 0 868
2014 06 08 2 29 54 12.36 -86.46 9 2.4 0 0 0 869
2014 06 08 2 34 13 12.38 -86.5 15 1.7 0 0 0 870
2014 06 08 2 40 47 12.39 -86.51 14 2.0 0 0 0 871
2014 06 08 2 56 04 12.38 -86.5 8 1.6 0 0 0 872
2014 06 08 3 21 25 12.37 -86.49 10 2.0 0 0 0 873
2014 06 08 3 25 26 12.39 -86.5 12 1.9 0 0 0 874
2014 06 08 4 01 49 12.4 -86.52 13 1.2 0 0 0 875
2014 06 08 4 28 09 12.38 -86.49 11 1.6 0 0 0 876
2014 06 08 5 14 48 12.37 -86.46 6 2.7 0 0 0 877
2014 06 08 7 23 21 12.38 -86.54 2 1.0 0 0 0 878
2014 06 08 22 30 01 12.49 -86.67 9 1.5 0 0 0 879
2014 06 09 1 25 07 12.33 -86.51 6 3.1 0 0 0 880
2014 06 09 2 03 11 12.36 -86.5 6 3.4 0 0 0 881
2014 06 09 2 09 44 12.38 -86.53 11 2.7 0 0 0 882
2014 06 09 2 22 36 12.38 -86.53 12 1.6 0 0 0 883
2014 06 09 5 49 17 12.38 -86.52 11 1.7 0 0 0 884
2014 06 09 6 22 21 12.18 -86.38 7 2.2 0 0 0 885
2014 06 09 11 57 52 12.36 -86.51 11 1.4 0 0 0 886
2014 06 09 12 49 01 12.36 -86.46 12 3.5 0 0 0 887
2014 06 09 13 02 01 12.37 -86.47 6 1.1 0 0 0 888
2014 06 09 18 03 30 12.04 -86.16 8 2.0 0 0 0 889
2014 06 10 5 12 44 12.38 -86.53 13 1.3 0 0 0 890
2014 06 11 0 05 43 12.46 -86.53 4 1.4 0 0 0 891
2014 06 11 16 32 45 12.35 -86.55 5 1.0 0 0 0 892
2014 06 11 18 01 30 12.03 -86.23 1 1.2 0 0 0 893
2014 06 12 7 35 43 12.27 -86.37 9 1.3 0 0 0 894
2014 06 12 14 46 33 12.35 -86.44 8 1.6 0 0 0 895
2014 06 12 15 25 37 12.37 -86.45 5 3.6 0 0 0 896
2014 06 12 15 30 10 12.37 -86.45 13 2.6 0 0 0 897
2014 06 12 15 29 14 12.37 -86.43 7 2.1 0 0 0 898
2014 06 12 15 29 50 12.41 -86.45 2 1.1 0 0 0 899
2014 06 12 16 01 08 12.37 -86.45 5 1.3 0 0 0 900
2014 06 12 18 28 10 12.38 -86.45 7 1.8 0 0 0 901
2014 06 12 20 44 49 12.38 -86.44 6 3.5 0 0 0 902
2014 06 13 15 20 46 12.37 -86.55 0 1.9 0 0 0 903
2014 06 13 19 99 20 12.33 -86.5 9 1.3 0 0 0 904
2014 06 14 10 15 20 12.48 -86.53 13 0.9 0 0 0 905
2014 06 14 12 03 13 12.38 -86.51 9 1.0 0 0 0 906
2014 06 15 2 22 59 12.43 -86.52 1 1.0 0 0 0 907
2014 06 15 2 23 27 12.36 -86.52 5 1.4 0 0 0 908
2014 06 15 5 11 55 12.38 -86.54 3 1.0 0 0 0 909
2014 06 15 11 52 44 12.44 -86.62 3 1.7 0 0 0 910
2014 06 15 11 55 51 12.44 -86.61 7 1.5 0 0 0 911
2014 06 15 13 07 58 12.46 -86.6 7 1.5 0 0 0 912
2014 06 15 13 11 30 12.46 -86.59 8 1.6 0 0 0 913
2014 06 15 13 53 09 12.36 -86.61 2 1.2 0 0 0 914
2014 06 15 14 23 26 12.38 -86.45 6 1.2 0 0 0 915
2014 06 15 15 13 42 12.45 -86.57 9 1.5 0 0 0 916
2014 06 16 17 53 48 12.33 -86.47 15 2.3 0 0 0 917
2014 06 16 19 52 36 12.38 -86.47 5 1.6 0 0 0 918
2014 06 17 2 54 38 12.34 -86.43 6 2.0 0 0 0 919
2014 06 17 3 00 52 12.35 -86.43 6 1.3 0 0 0 920
2014 06 17 3 03 44 12.34 -86.46 4 1.7 0 0 0 921
2014 06 17 3 18 30 12.35 -86.46 5 1.5 0 0 0 922
2014 06 17 7 42 42 12.38 -86.55 3 1.0 0 0 0 923
2014 06 18 0 17 33 12.3 -86.49 2 1.1 0 0 0 924
2014 06 18 8 47 55 12.39 -86.49 9 1.1 0 0 0 925
2014 06 18 22 17 40 12.34 -86.46 13 2.0 0 0 0 926
2014 06 19 2 25 13 12.35 -86.49 5 1.0 0 0 0 927
2014 06 19 3 29 34 12.36 -86.48 13 2.9 0 0 0 928
2014 06 19 12 03 26 12.3 -86.45 2 1.7 0 0 0 929
2014 06 19 15 18 02 12.36 -86.49 8 1.1 0 0 0 930
2014 06 19 17 47 49 12.35 -86.48 16 1.7 0 0 0 931
2014 06 19 18 40 36 12.35 -86.57 3 1.2 0 0 0 932
2014 06 19 23 27 39 12.35 -86.49 6 1.1 0 0 0 933
2014 06 20 3 14 01 12.35 -86.5 9 1.3 0 0 0 934
2014 06 20 3 55 56 12.41 -86.5 11 2.4 0 0 0 935
2014 06 20 9 41 45 12.36 -86.47 6 1.8 0 0 0 936
2014 06 20 16 22 05 12.35 -86.46 13 2.8 0 0 0 937
2014 06 20 20 47 11 12.36 -86.49 6 2.0 0 0 0 938
2014 06 21 0 33 05 12.32 -86.47 2 1.3 0 0 0 939
2014 06 21 4 10 29 12.37 -86.51 2 0.8 0 0 0 940
2014 06 21 6 20 03 12.32 -86.46 5 1.7 0 0 0 941
2014 06 21 6 38 15 12.32 -86.46 5 1.3 0 0 0 942
2014 06 21 6 58 46 12.36 -86.5 6 1.2 0 0 0 943
2014 06 21 14 00 10 12.33 -86.47 4 2.1 0 0 0 944
2014 06 22 0 59 22 12.49 -86.75 0 1.8 0 0 0 945
2014 06 22 20 43 01 12.37 -86.46 2 2.2 0 0 0 946
2014 06 23 6 24 34 12.36 -86.48 3 1.3 0 0 0 947
2014 06 23 20 39 45 12.04 -86.2 1 1.4 0 0 0 948
2014 06 24 1 16 03 12.36 -86.51 9 1.4 0 0 0 949
2014 06 24 3 16 52 12.33 -86.48 3 1.7 0 0 0 950
2014 06 24 5 12 30 12.37 -86.54 2 1.0 0 0 0 951
2014 06 24 5 14 53 12.36 -86.52 3 1.1 0 0 0 952
2014 06 24 5 15 23 12.37 -86.5 1 1.3 0 0 0 953
2014 06 24 5 15 40 12.35 -86.56 13 1.5 0 0 0 954
2014 06 24 10 45 29 12.37 -86.52 2 1.2 0 0 0 955
2014 06 24 22 29 47 12.47 -86.65 8 2.2 0 0 0 956
2014 06 24 22 37 32 12.44 -86.66 6 1.3 0 0 0 957
2014 06 24 23 37 35 12.49 -86.62 4 2.3 0 0 0 958
2014 06 24 23 43 41 12.48 -86.64 5 1.8 0 0 0 959
2014 06 24 23 47 27 12.46 -86.64 4 1.1 0 0 0 960
2014 06 25 1 04 04 12.38 -86.69 2 1.6 0 0 0 961
2014 06 25 1 06 50 12.46 -86.65 6 1.4 0 0 0 962
2014 06 25 1 34 31 12.48 -86.63 4 2.4 0 0 0 963
2014 06 25 1 45 01 12.47 -86.64 6 1.5 0 0 0 964
2014 06 25 2 09 12 12.46 -86.63 10 0.9 0 0 0 965
2014 06 25 3 17 04 12.38 -86.68 2 1.2 0 0 0 966
2014 06 25 4 57 25 12.45 -86.65 4 0.9 0 0 0 967
2014 06 25 6 26 07 12.45 -86.66 6 0.7 0 0 0 968
2014 06 25 9 25 58 12.48 -86.63 5 1.7 0 0 0 969
2014 06 25 11 12 17 12.46 -86.64 2 1.5 0 0 0 970
2014 06 26 6 12 51 12.41 -86.54 2 0.9 0 0 0 971
2014 06 26 6 12 54 12.47 -86.53 2 0.9 0 0 0 972
2014 06 26 6 13 06 12.41 -86.54 2 1.1 0 0 0 973
2014 06 26 7 00 32 12.23 -86.36 5 2.5 0 0 0 974
2014 06 26 10 06 35 12.46 -86.64 2 0.9 0 0 0 975
2014 06 26 12 03 31 12.39 -86.47 5 1.0 0 0 0 976
2014 06 26 19 01 25 12.34 -86.49 12 2.0 0 0 0 977
2014 06 26 20 51 57 12.49 -86.62 5 1.9 0 0 0 978
2014 06 28 5 09 48 12.49 -86.63 6 1.9 0 0 0 979
2014 06 28 5 25 42 12.49 -86.63 6 1.8 0 0 0 980
2014 06 29 2 46 58 12.47 -86.63 7 1.3 0 0 0 981
2014 06 29 12 40 17 12.27 -86.79 136 3.4 0 0 0 982
2014 06 29 20 09 56 12.46 -86.58 7 1.0 0 0 0 983
2014 06 30 7 21 56 12.38 -86.52 4 1.0 0 0 0 984
2014 06 30 8 01 29 12.38 -86.5 6 0.9 0 0 0 985
2014 06 30 9 24 58 12.38 -86.52 1 1.7 0 0 0 986
2014 06 30 12 11 48 12.35 -86.42 2 1.2 0 0 0 987
2014 06 30 21 55 24 12.36 -86.47 2 1.0 0 0 0 988
