# 2014 04 06 02 32 37 12.310000 -86.490000 99.000000 2.300000 0.000000 0.000000 0.000000 000 
# 2014 04 10 18 43 54 12.370000 -86.440000 4.000000 4.000000 0.000000 0.000000 0.000000 001 
# 2014 04 10 18 46 02 12.360000 -86.510000 6.000000 1.900000 0.000000 0.000000 0.000000 002 
# 2014 04 10 20 34 41 12.320000 -86.480000 2.000000 2.000000 0.000000 0.000000 0.000000 003 
# 2014 04 10 23 27 41 12.270000 -86.510000 1.000000 6.200000 0.000000 0.000000 0.000000 004 
# 2014 04 10 23 35 02 12.420000 -86.520000 4.000000 4.400000 0.000000 0.000000 0.000000 005 
# 2014 04 10 23 37 25 12.380000 -86.550000 2.000000 3.800000 0.000000 0.000000 0.000000 006 
# 2014 04 10 23 42 25 12.500000 -86.380000 6.000000 4.600000 0.000000 0.000000 0.000000 007 
# 2014 04 10 23 43 31 12.410000 -86.460000 12.000000 3.100000 0.000000 0.000000 0.000000 008 
# 2014 04 10 23 44 51 12.390000 -86.490000 5.000000 4.900000 0.000000 0.000000 0.000000 009 
# 2014 04 10 23 47 13 12.470000 -86.400000 10.000000 3.600000 0.000000 0.000000 0.000000 010 
# 2014 04 10 23 49 06 12.390000 -86.400000 27.000000 3.300000 0.000000 0.000000 0.000000 011 
# 2014 04 11 00 01 22 12.370000 -86.450000 2.000000 5.000000 0.000000 0.000000 0.000000 012 
# 2014 04 11 00 12 13 12.360000 -86.480000 1.000000 3.600000 0.000000 0.000000 0.000000 013 
# 2014 04 11 00 28 46 12.400000 -86.510000 6.000000 5.000000 0.000000 0.000000 0.000000 014 
# 2014 04 11 00 39 46 12.390000 -86.470000 6.000000 3.900000 0.000000 0.000000 0.000000 015 
# 2014 04 11 00 40 48 12.340000 -86.430000 5.000000 3.100000 0.000000 0.000000 0.000000 016 
# 2014 04 11 00 44 26 12.400000 -86.460000 6.000000 4.000000 0.000000 0.000000 0.000000 017 
# 2014 04 11 00 47 29 12.460000 -86.420000 6.000000 3.100000 0.000000 0.000000 0.000000 018 
# 2014 04 11 00 54 59 12.370000 -86.580000 2.000000 2.700000 0.000000 0.000000 0.000000 019 
# 2014 04 11 01 04 08 12.400000 -86.500000 5.000000 3.300000 0.000000 0.000000 0.000000 020 
# 2014 04 11 01 10 10 12.420000 -86.430000 11.000000 3.300000 0.000000 0.000000 0.000000 021 
# 2014 04 11 01 16 54 12.270000 -86.370000 6.000000 2.200000 0.000000 0.000000 0.000000 022 
# 2014 04 11 01 24 44 12.390000 -86.490000 11.000000 4.000000 0.000000 0.000000 0.000000 023 
# 2014 04 11 01 34 10 12.390000 -86.460000 9.000000 3.200000 0.000000 0.000000 0.000000 024 
# 2014 04 11 01 38 01 12.430000 -86.540000 6.000000 3.900000 0.000000 0.000000 0.000000 025 
# 2014 04 11 01 46 17 12.380000 -86.480000 6.000000 3.200000 0.000000 0.000000 0.000000 026 
# 2014 04 11 01 49 37 12.360000 -86.470000 11.000000 2.700000 0.000000 0.000000 0.000000 027 
# 2014 04 11 01 57 56 12.400000 -86.480000 8.000000 2.400000 0.000000 0.000000 0.000000 028 
# 2014 04 11 02 01 39 12.400000 -86.500000 6.000000 3.200000 0.000000 0.000000 0.000000 029 
# 2014 04 11 02 11 18 12.440000 -86.470000 2.000000 2.400000 0.000000 0.000000 0.000000 030 
# 2014 04 11 02 19 57 12.380000 -86.470000 6.000000 2.700000 0.000000 0.000000 0.000000 031 
# 2014 04 11 02 21 28 12.050000 -85.900000 4.000000 3.200000 0.000000 0.000000 0.000000 032 
# 2014 04 11 02 26 20 12.400000 -86.510000 8.000000 2.900000 0.000000 0.000000 0.000000 033 
# 2014 04 11 02 37 54 12.430000 -86.470000 8.000000 2.900000 0.000000 0.000000 0.000000 034 
# 2014 04 11 02 48 43 12.320000 -86.460000 6.000000 1.400000 0.000000 0.000000 0.000000 035 
# 2014 04 11 03 00 18 12.410000 -86.500000 6.000000 3.200000 0.000000 0.000000 0.000000 036 
# 2014 04 11 03 01 01 12.380000 -86.480000 5.000000 2.800000 0.000000 0.000000 0.000000 037 
# 2014 04 11 03 11 01 12.390000 -86.500000 6.000000 3.400000 0.000000 0.000000 0.000000 038 
# 2014 04 11 03 15 38 12.200000 -86.300000 17.000000 2.800000 0.000000 0.000000 0.000000 039 
# 2014 04 11 03 20 54 12.500000 -86.380000 8.000000 2.100000 0.000000 0.000000 0.000000 040 
# 2014 04 11 03 26 30 12.340000 -86.430000 6.000000 4.400000 0.000000 0.000000 0.000000 041 
# 2014 04 11 03 31 42 12.230000 -86.350000 5.000000 3.900000 0.000000 0.000000 0.000000 042 
# 2014 04 11 03 38 06 12.230000 -86.320000 15.000000 3.500000 0.000000 0.000000 0.000000 043 
# 2014 04 11 03 49 57 12.410000 -86.480000 9.000000 3.900000 0.000000 0.000000 0.000000 044 
# 2014 04 11 04 03 25 12.420000 -86.510000 4.000000 3.100000 0.000000 0.000000 0.000000 045 
# 2014 04 11 04 08 25 12.390000 -86.430000 15.000000 2.200000 0.000000 0.000000 0.000000 046 
# 2014 04 11 04 27 29 12.430000 -86.500000 5.000000 2.500000 0.000000 0.000000 0.000000 047 
# 2014 04 11 04 35 09 12.260000 -86.370000 6.000000 3.100000 0.000000 0.000000 0.000000 048 
# 2014 04 11 05 20 13 12.260000 -86.340000 6.000000 2.700000 0.000000 0.000000 0.000000 049 
# 2014 04 11 05 23 41 12.420000 -86.510000 16.000000 3.800000 0.000000 0.000000 0.000000 050 
# 2014 04 11 05 29 38 12.280000 -86.330000 4.000000 2.700000 0.000000 0.000000 0.000000 051 
# 2014 04 11 05 33 50 12.240000 -86.350000 11.000000 3.100000 0.000000 0.000000 0.000000 052 
# 2014 04 11 05 43 21 12.270000 -86.340000 6.000000 3.000000 0.000000 0.000000 0.000000 053 
# 2014 04 11 06 02 21 12.340000 -86.420000 8.000000 2.200000 0.000000 0.000000 0.000000 054 
# 2014 04 11 06 08 14 12.460000 -86.400000 15.000000 2.600000 0.000000 0.000000 0.000000 055 
# 2014 04 11 06 44 11 12.360000 -86.430000 2.000000 3.200000 0.000000 0.000000 0.000000 056 
# 2014 04 11 07 00 15 12.400000 -86.490000 1.000000 2.400000 0.000000 0.000000 0.000000 057 
# 2014 04 11 07 03 54 12.370000 -86.510000 2.000000 2.400000 0.000000 0.000000 0.000000 058 
# 2014 04 11 07 07 57 12.370000 -86.370000 15.000000 2.600000 0.000000 0.000000 0.000000 059 
# 2014 04 11 07 23 17 12.400000 -86.500000 1.000000 3.800000 0.000000 0.000000 0.000000 060 
# 2014 04 11 07 34 50 12.430000 -86.580000 2.000000 1.600000 0.000000 0.000000 0.000000 061 
# 2014 04 11 07 44 58 12.300000 -86.450000 15.000000 3.000000 0.000000 0.000000 0.000000 062 
# 2014 04 11 07 49 02 12.350000 -86.410000 16.000000 3.000000 0.000000 0.000000 0.000000 063 
# 2014 04 11 08 03 48 12.370000 -86.350000 5.000000 3.100000 0.000000 0.000000 0.000000 064 
# 2014 04 11 08 12 06 12.330000 -86.400000 14.000000 2.400000 0.000000 0.000000 0.000000 065 
# 2014 04 11 08 42 43 12.310000 -86.460000 2.000000 1.600000 0.000000 0.000000 0.000000 066 
# 2014 04 11 08 55 38 12.380000 -86.380000 14.000000 2.800000 0.000000 0.000000 0.000000 067 
# 2014 04 11 08 55 39 12.380000 -86.430000 8.000000 2.700000 0.000000 0.000000 0.000000 068 
# 2014 04 11 09 01 07 12.260000 -86.370000 11.000000 2.700000 0.000000 0.000000 0.000000 069 
# 2014 04 11 09 06 43 12.380000 -86.400000 0.000000 4.300000 0.000000 0.000000 0.000000 070 
# 2014 04 11 09 11 01 12.340000 -86.430000 17.000000 3.300000 0.000000 0.000000 0.000000 071 
# 2014 04 11 09 21 39 12.440000 -86.520000 26.000000 2.800000 0.000000 0.000000 0.000000 072 
# 2014 04 11 09 27 22 12.380000 -86.420000 6.000000 2.500000 0.000000 0.000000 0.000000 073 
# 2014 04 11 09 30 48 12.330000 -86.490000 6.000000 2.100000 0.000000 0.000000 0.000000 074 
# 2014 04 11 09 34 44 12.330000 -86.420000 8.000000 2.900000 0.000000 0.000000 0.000000 075 
# 2014 04 11 09 47 33 12.320000 -86.420000 9.000000 4.300000 0.000000 0.000000 0.000000 076 
# 2014 04 11 10 11 53 12.410000 -86.500000 1.000000 2.900000 0.000000 0.000000 0.000000 077 
# 2014 04 11 10 25 20 12.370000 -86.490000 6.000000 2.200000 0.000000 0.000000 0.000000 078 
# 2014 04 11 10 33 07 12.490000 -86.550000 5.000000 2.300000 0.000000 0.000000 0.000000 079 
# 2014 04 11 10 52 20 12.360000 -86.460000 6.000000 2.800000 0.000000 0.000000 0.000000 080 
# 2014 04 11 11 04 50 12.350000 -86.440000 2.000000 2.700000 0.000000 0.000000 0.000000 081 
# 2014 04 11 11 09 47 12.260000 -86.350000 5.000000 2.000000 0.000000 0.000000 0.000000 082 
# 2014 04 11 11 28 28 12.430000 -86.460000 2.000000 2.000000 0.000000 0.000000 0.000000 083 
# 2014 04 11 11 30 57 12.410000 -86.510000 3.000000 1.900000 0.000000 0.000000 0.000000 084 
# 2014 04 11 11 35 27 12.360000 -86.430000 11.000000 3.100000 0.000000 0.000000 0.000000 085 
# 2014 04 11 11 45 31 12.400000 -86.490000 5.000000 3.000000 0.000000 0.000000 0.000000 086 
# 2014 04 11 12 13 25 12.430000 -86.590000 2.000000 2.400000 0.000000 0.000000 0.000000 087 
# 2014 04 11 12 20 41 12.330000 -86.480000 2.000000 2.900000 0.000000 0.000000 0.000000 088 
# 2014 04 11 12 25 59 12.300000 -86.440000 2.000000 4.100000 0.000000 0.000000 0.000000 089 
# 2014 04 11 12 43 09 12.270000 -86.370000 12.000000 1.800000 0.000000 0.000000 0.000000 090 
# 2014 04 11 12 52 31 12.390000 -86.460000 1.000000 3.000000 0.000000 0.000000 0.000000 091 
# 2014 04 11 13 07 50 12.350000 -86.480000 14.000000 1.800000 0.000000 0.000000 0.000000 092 
# 2014 04 11 13 18 29 12.330000 -86.530000 1.000000 2.900000 0.000000 0.000000 0.000000 093 
# 2014 04 11 13 33 43 12.330000 -86.480000 10.000000 2.400000 0.000000 0.000000 0.000000 094 
# 2014 04 11 14 04 04 12.340000 -86.470000 4.000000 2.400000 0.000000 0.000000 0.000000 095 
# 2014 04 11 14 10 36 12.230000 -86.400000 5.000000 2.600000 0.000000 0.000000 0.000000 096 
# 2014 04 11 14 28 04 12.350000 -86.460000 3.000000 3.300000 0.000000 0.000000 0.000000 097 
# 2014 04 11 14 39 13 12.340000 -86.430000 11.000000 4.600000 0.000000 0.000000 0.000000 098 
# 2014 04 11 14 52 41 12.230000 -86.350000 9.000000 3.300000 0.000000 0.000000 0.000000 099 
# 2014 04 11 15 17 53 12.430000 -86.510000 2.000000 2.300000 0.000000 0.000000 0.000000 100 
# 2014 04 11 15 23 19 12.430000 -86.520000 7.000000 2.200000 0.000000 0.000000 0.000000 101 
# 2014 04 11 15 56 52 12.230000 -86.390000 12.000000 3.300000 0.000000 0.000000 0.000000 102 
# 2014 04 11 16 05 44 12.260000 -86.380000 3.000000 3.300000 0.000000 0.000000 0.000000 103 
# 2014 04 11 16 32 53 12.420000 -86.490000 3.000000 3.800000 0.000000 0.000000 0.000000 104 
# 2014 04 11 16 42 25 12.330000 -86.490000 5.000000 2.000000 0.000000 0.000000 0.000000 105 
# 2014 04 11 17 07 42 12.390000 -86.470000 6.000000 3.500000 0.000000 0.000000 0.000000 106 
# 2014 04 11 17 16 14 12.460000 -86.630000 5.000000 1.800000 0.000000 0.000000 0.000000 107 
# 2014 04 11 17 54 38 12.140000 -86.300000 19.000000 3.800000 0.000000 0.000000 0.000000 108 
# 2014 04 11 18 17 18 12.370000 -86.460000 3.000000 4.400000 0.000000 0.000000 0.000000 109 
# 2014 04 11 18 22 53 12.250000 -86.390000 11.000000 2.800000 0.000000 0.000000 0.000000 110 
# 2014 04 11 18 38 58 12.370000 -86.430000 9.000000 2.200000 0.000000 0.000000 0.000000 111 
# 2014 04 11 18 44 39 12.420000 -86.500000 2.000000 2.500000 0.000000 0.000000 0.000000 112 
# 2014 04 11 19 03 38 12.380000 -86.470000 7.000000 3.800000 0.000000 0.000000 0.000000 113 
# 2014 04 11 19 05 24 12.380000 -86.460000 6.000000 3.300000 0.000000 0.000000 0.000000 114 
# 2014 04 11 19 06 15 12.360000 -86.360000 35.000000 3.000000 0.000000 0.000000 0.000000 115 
# 2014 04 11 19 22 09 12.470000 -86.440000 6.000000 2.300000 0.000000 0.000000 0.000000 116 
# 2014 04 11 19 27 07 12.370000 -86.370000 6.000000 2.700000 0.000000 0.000000 0.000000 117 
# 2014 04 11 19 48 27 12.370000 -86.560000 5.000000 1.800000 0.000000 0.000000 0.000000 118 
# 2014 04 11 20 05 15 12.380000 -86.470000 4.000000 3.700000 0.000000 0.000000 0.000000 119 
# 2014 04 11 20 08 43 12.350000 -86.420000 0.000000 3.200000 0.000000 0.000000 0.000000 120 
# 2014 04 11 19 99 33 12.250000 -86.380000 8.000000 3.000000 0.000000 0.000000 0.000000 121 
# 2014 04 11 20 57 54 12.250000 -86.350000 0.000000 3.800000 0.000000 0.000000 0.000000 122 
# 2014 04 11 21 38 53 12.260000 -86.370000 4.000000 3.300000 0.000000 0.000000 0.000000 123 
# 2014 04 11 21 39 48 12.260000 -86.370000 1.000000 3.500000 0.000000 0.000000 0.000000 124 
# 2014 04 11 21 39 49 12.250000 -86.370000 8.000000 3.600000 0.000000 0.000000 0.000000 125 
# 2014 04 11 21 51 32 12.260000 -86.310000 4.000000 3.700000 0.000000 0.000000 0.000000 126 
# 2014 04 11 22 10 31 12.430000 -86.530000 11.000000 1.900000 0.000000 0.000000 0.000000 127 
# 2014 04 11 22 23 40 12.350000 -86.520000 2.000000 1.400000 0.000000 0.000000 0.000000 128 
# 2014 04 11 22 35 36 12.490000 -86.580000 2.000000 1.900000 0.000000 0.000000 0.000000 129 
# 2014 04 11 22 40 01 12.410000 -86.480000 4.000000 2.700000 0.000000 0.000000 0.000000 130 
# 2014 04 11 23 34 26 12.390000 -86.520000 8.000000 2.400000 0.000000 0.000000 0.000000 131 
# 2014 04 12 00 08 11 12.210000 -86.360000 12.000000 4.100000 0.000000 0.000000 0.000000 132 
# 2014 04 12 00 16 55 12.250000 -86.400000 11.000000 3.300000 0.000000 0.000000 0.000000 133 
# 2014 04 12 00 21 37 12.230000 -86.380000 6.000000 4.000000 0.000000 0.000000 0.000000 134 
# 2014 04 12 01 14 55 12.430000 -86.420000 4.000000 2.700000 0.000000 0.000000 0.000000 135 
# 2014 04 12 02 30 43 12.390000 -86.510000 7.000000 2.800000 0.000000 0.000000 0.000000 136 
# 2014 04 12 02 50 42 12.260000 -86.350000 15.000000 2.900000 0.000000 0.000000 0.000000 137 
# 2014 04 12 03 13 40 12.260000 -86.400000 8.000000 2.900000 0.000000 0.000000 0.000000 138 
# 2014 04 12 03 20 25 12.390000 -86.440000 3.000000 2.000000 0.000000 0.000000 0.000000 139 
# 2014 04 12 03 29 21 12.340000 -86.410000 1.000000 3.700000 0.000000 0.000000 0.000000 140 
# 2014 04 12 03 40 38 12.240000 -86.390000 11.000000 3.300000 0.000000 0.000000 0.000000 141 
# 2014 04 12 05 03 37 12.340000 -86.490000 2.000000 2.200000 0.000000 0.000000 0.000000 142 
# 2014 04 12 05 25 52 12.350000 -86.500000 5.000000 1.800000 0.000000 0.000000 0.000000 143 
# 2014 04 12 06 04 08 12.310000 -86.450000 6.000000 2.200000 0.000000 0.000000 0.000000 144 
# 2014 04 12 06 05 48 12.360000 -86.520000 11.000000 2.400000 0.000000 0.000000 0.000000 145 
# 2014 04 12 06 11 10 12.250000 -86.380000 5.000000 2.300000 0.000000 0.000000 0.000000 146 
# 2014 04 12 06 25 25 12.460000 -86.570000 3.000000 1.900000 0.000000 0.000000 0.000000 147 
# 2014 04 12 06 57 06 12.230000 -86.340000 19.000000 2.300000 0.000000 0.000000 0.000000 148 
# 2014 04 12 07 04 47 12.350000 -86.510000 5.000000 1.600000 0.000000 0.000000 0.000000 149 
# 2014 04 12 07 34 16 12.260000 -86.350000 14.000000 1.900000 0.000000 0.000000 0.000000 150 
# 2014 04 12 07 59 05 12.370000 -86.490000 4.000000 1.100000 0.000000 0.000000 0.000000 151 
# 2014 04 12 09 09 47 12.270000 -86.330000 15.000000 1.800000 0.000000 0.000000 0.000000 152 
# 2014 04 12 09 31 58 12.280000 -86.350000 4.000000 2.100000 0.000000 0.000000 0.000000 153 
# 2014 04 12 09 41 18 12.340000 -86.450000 6.000000 2.600000 0.000000 0.000000 0.000000 154 
# 2014 04 12 10 02 09 12.230000 -86.380000 7.000000 3.200000 0.000000 0.000000 0.000000 155 
# 2014 04 12 10 16 06 12.300000 -86.430000 2.000000 2.100000 0.000000 0.000000 0.000000 156 
# 2014 04 12 10 23 13 12.270000 -86.340000 4.000000 2.700000 0.000000 0.000000 0.000000 157 
# 2014 04 12 10 56 09 12.280000 -86.340000 11.000000 2.800000 0.000000 0.000000 0.000000 158 
# 2014 04 12 11 14 06 12.350000 -86.490000 7.000000 2.100000 0.000000 0.000000 0.000000 159 
# 2014 04 12 11 57 33 12.360000 -86.500000 2.000000 1.800000 0.000000 0.000000 0.000000 160 
# 2014 04 12 12 16 16 12.360000 -86.540000 2.000000 1.800000 0.000000 0.000000 0.000000 161 
# 2014 04 12 12 58 07 12.400000 -86.490000 5.000000 3.000000 0.000000 0.000000 0.000000 162 
# 2014 04 12 13 29 19 12.380000 -86.510000 7.000000 1.900000 0.000000 0.000000 0.000000 163 
# 2014 04 12 13 39 29 12.320000 -86.420000 3.000000 3.400000 0.000000 0.000000 0.000000 164 
# 2014 04 12 14 17 50 12.350000 -86.490000 2.000000 2.800000 0.000000 0.000000 0.000000 165 
# 2014 04 12 14 49 26 12.380000 -86.540000 2.000000 1.700000 0.000000 0.000000 0.000000 166 
# 2014 04 12 17 21 14 12.360000 -86.530000 15.000000 3.200000 0.000000 0.000000 0.000000 167 
# 2014 04 12 17 54 05 12.400000 -86.530000 7.000000 2.600000 0.000000 0.000000 0.000000 168 
# 2014 04 12 18 16 02 12.420000 -86.550000 5.000000 2.200000 0.000000 0.000000 0.000000 169 
# 2014 04 12 18 57 42 12.380000 -86.480000 6.000000 2.300000 0.000000 0.000000 0.000000 170 
# 2014 04 12 19 55 48 12.380000 -86.510000 3.000000 2.600000 0.000000 0.000000 0.000000 171 
# 2014 04 12 19 99 03 12.370000 -86.490000 6.000000 3.000000 0.000000 0.000000 0.000000 172 
# 2014 04 12 20 37 10 12.390000 -86.440000 4.000000 1.600000 0.000000 0.000000 0.000000 173 
# 2014 04 12 21 28 59 12.390000 -86.550000 11.000000 1.200000 0.000000 0.000000 0.000000 174 
# 2014 04 12 21 34 39 12.260000 -86.370000 3.000000 2.300000 0.000000 0.000000 0.000000 175 
# 2014 04 12 22 25 25 12.440000 -86.550000 3.000000 1.200000 0.000000 0.000000 0.000000 176 
# 2014 04 13 00 27 10 12.320000 -86.470000 3.000000 2.100000 0.000000 0.000000 0.000000 177 
# 2014 04 13 01 20 06 12.260000 -86.350000 5.000000 4.300000 0.000000 0.000000 0.000000 178 
# 2014 04 13 01 29 46 12.380000 -86.540000 15.000000 2.600000 0.000000 0.000000 0.000000 179 
# 2014 04 13 01 35 57 12.260000 -86.380000 5.000000 2.100000 0.000000 0.000000 0.000000 180 
# 2014 04 13 01 59 11 12.370000 -86.560000 15.000000 2.300000 0.000000 0.000000 0.000000 181 
# 2014 04 13 02 05 34 12.250000 -86.390000 3.000000 3.200000 0.000000 0.000000 0.000000 182 
# 2014 04 13 02 07 37 12.240000 -86.380000 6.000000 3.400000 0.000000 0.000000 0.000000 183 
# 2014 04 13 02 18 34 12.400000 -86.530000 13.000000 1.700000 0.000000 0.000000 0.000000 184 
# 2014 04 13 02 30 48 12.210000 -86.370000 15.000000 1.900000 0.000000 0.000000 0.000000 185 
# 2014 04 13 02 31 34 12.250000 -86.380000 12.000000 2.500000 0.000000 0.000000 0.000000 186 
# 2014 04 13 03 12 12 12.400000 -86.570000 6.000000 2.000000 0.000000 0.000000 0.000000 187 
# 2014 04 13 03 12 41 12.410000 -86.560000 1.000000 2.000000 0.000000 0.000000 0.000000 188 
# 2014 04 13 03 27 22 12.330000 -86.460000 11.000000 2.400000 0.000000 0.000000 0.000000 189 
# 2014 04 13 03 49 30 12.380000 -86.510000 13.000000 2.300000 0.000000 0.000000 0.000000 190 
# 2014 04 13 04 18 53 12.400000 -86.530000 4.000000 1.400000 0.000000 0.000000 0.000000 191 
# 2014 04 13 04 21 32 12.380000 -86.430000 15.000000 1.800000 0.000000 0.000000 0.000000 192 
# 2014 04 13 04 59 00 12.380000 -86.500000 7.000000 1.600000 0.000000 0.000000 0.000000 193 
# 2014 04 13 05 10 18 12.380000 -86.430000 4.000000 3.300000 0.000000 0.000000 0.000000 194 
# 2014 04 13 05 41 04 12.370000 -86.440000 3.000000 3.400000 0.000000 0.000000 0.000000 195 
# 2014 04 13 05 54 36 12.370000 -86.450000 5.000000 3.600000 0.000000 0.000000 0.000000 196 
# 2014 04 13 06 05 48 12.360000 -86.560000 6.000000 1.400000 0.000000 0.000000 0.000000 197 
# 2014 04 13 06 14 59 12.310000 -86.440000 12.000000 2.200000 0.000000 0.000000 0.000000 198 
# 2014 04 13 06 15 51 12.360000 -86.470000 8.000000 2.000000 0.000000 0.000000 0.000000 199 
# 2014 04 13 06 17 59 12.300000 -86.440000 12.000000 1.600000 0.000000 0.000000 0.000000 200 
# 2014 04 13 06 23 21 12.210000 -86.410000 15.000000 1.900000 0.000000 0.000000 0.000000 201 
# 2014 04 13 06 45 37 12.420000 -86.520000 6.000000 1.800000 0.000000 0.000000 0.000000 202 
# 2014 04 13 06 53 29 12.350000 -86.490000 6.000000 1.900000 0.000000 0.000000 0.000000 203 
# 2014 04 13 07 00 40 12.330000 -86.440000 5.000000 2.100000 0.000000 0.000000 0.000000 204 
# 2014 04 13 07 19 34 12.360000 -86.450000 2.000000 2.500000 0.000000 0.000000 0.000000 205 
# 2014 04 13 07 21 28 12.240000 -86.340000 17.000000 1.100000 0.000000 0.000000 0.000000 206 
# 2014 04 13 07 21 54 12.070000 -86.350000 13.000000 1.300000 0.000000 0.000000 0.000000 207 
# 2014 04 13 07 43 16 12.340000 -86.550000 2.000000 1.200000 0.000000 0.000000 0.000000 208 
# 2014 04 13 07 52 47 12.460000 -86.470000 14.000000 1.600000 0.000000 0.000000 0.000000 209 
# 2014 04 13 07 57 47 12.430000 -86.510000 4.000000 3.600000 0.000000 0.000000 0.000000 210 
# 2014 04 13 08 20 56 12.380000 -86.460000 6.000000 2.100000 0.000000 0.000000 0.000000 211 
# 2014 04 13 08 21 26 12.380000 -86.460000 6.000000 2.400000 0.000000 0.000000 0.000000 212 
# 2014 04 13 08 30 11 12.340000 -86.530000 2.000000 2.400000 0.000000 0.000000 0.000000 213 
# 2014 04 13 08 32 35 12.380000 -86.480000 6.000000 2.400000 0.000000 0.000000 0.000000 214 
# 2014 04 13 09 20 43 12.370000 -86.440000 7.000000 1.700000 0.000000 0.000000 0.000000 215 
# 2014 04 13 09 25 50 12.330000 -86.540000 11.000000 1.800000 0.000000 0.000000 0.000000 216 
# 2014 04 13 09 31 11 12.230000 -86.390000 13.000000 2.100000 0.000000 0.000000 0.000000 217 
# 2014 04 13 09 54 04 12.370000 -86.490000 5.000000 2.700000 0.000000 0.000000 0.000000 218 
# 2014 04 13 10 17 27 12.050000 -86.710000 0.000000 2.100000 0.000000 0.000000 0.000000 219 
# 2014 04 13 10 29 34 12.350000 -86.460000 6.000000 2.400000 0.000000 0.000000 0.000000 220 
# 2014 04 13 10 52 02 12.220000 -86.350000 5.000000 1.700000 0.000000 0.000000 0.000000 221 
# 2014 04 13 12 10 24 12.380000 -86.440000 6.000000 2.200000 0.000000 0.000000 0.000000 222 
# 2014 04 13 12 11 00 12.330000 -86.470000 3.000000 1.400000 0.000000 0.000000 0.000000 223 
# 2014 04 13 13 50 42 12.380000 -86.510000 6.000000 2.600000 0.000000 0.000000 0.000000 224 
# 2014 04 13 14 46 27 12.400000 -86.520000 5.000000 3.600000 0.000000 0.000000 0.000000 225 
# 2014 04 13 14 51 52 12.400000 -86.510000 5.000000 2.400000 0.000000 0.000000 0.000000 226 
# 2014 04 13 15 54 07 12.430000 -86.440000 1.000000 1.900000 0.000000 0.000000 0.000000 227 
# 2014 04 13 17 41 35 12.250000 -86.350000 8.000000 3.100000 0.000000 0.000000 0.000000 228 
# 2014 04 13 17 54 30 12.370000 -86.530000 12.000000 1.800000 0.000000 0.000000 0.000000 229 
# 2014 04 13 18 26 50 12.260000 -86.360000 4.000000 1.600000 0.000000 0.000000 0.000000 230 
# 2014 04 13 18 55 02 12.270000 -86.370000 7.000000 2.200000 0.000000 0.000000 0.000000 231 
# 2014 04 13 20 42 14 12.360000 -86.570000 2.000000 1.800000 0.000000 0.000000 0.000000 232 
# 2014 04 13 22 38 07 12.180000 -86.280000 8.000000 2.200000 0.000000 0.000000 0.000000 233 
# 2014 04 13 23 36 50 12.410000 -86.500000 6.000000 3.100000 0.000000 0.000000 0.000000 234 
# 2014 04 13 23 40 11 12.340000 -86.420000 4.000000 3.600000 0.000000 0.000000 0.000000 235 
# 2014 04 13 23 50 20 12.380000 -86.460000 5.000000 3.500000 0.000000 0.000000 0.000000 236 
# 2014 04 14 00 04 51 12.380000 -86.450000 4.000000 3.400000 0.000000 0.000000 0.000000 237 
# 2014 04 14 00 27 46 12.250000 -86.390000 6.000000 2.600000 0.000000 0.000000 0.000000 238 
# 2014 04 14 01 14 52 12.380000 -86.470000 6.000000 2.700000 0.000000 0.000000 0.000000 239 
# 2014 04 14 01 25 47 12.350000 -86.470000 12.000000 2.500000 0.000000 0.000000 0.000000 240 
# 2014 04 14 03 21 23 12.390000 -86.500000 16.000000 1.500000 0.000000 0.000000 0.000000 241 
# 2014 04 14 03 30 06 12.340000 -86.440000 9.000000 1.700000 0.000000 0.000000 0.000000 242 
# 2014 04 14 03 43 24 12.340000 -86.470000 16.000000 1.900000 0.000000 0.000000 0.000000 243 
# 2014 04 14 04 05 43 12.410000 -86.500000 6.000000 2.100000 0.000000 0.000000 0.000000 244 
# 2014 04 14 04 12 24 12.270000 -86.350000 6.000000 4.400000 0.000000 0.000000 0.000000 245 
# 2014 04 14 04 24 44 12.250000 -86.340000 12.000000 1.600000 0.000000 0.000000 0.000000 246 
# 2014 04 14 04 38 14 12.260000 -86.360000 4.000000 1.500000 0.000000 0.000000 0.000000 247 
# 2014 04 14 05 07 03 12.240000 -86.340000 5.000000 5.600000 0.000000 0.000000 0.000000 248 
# 2014 04 14 05 11 06 12.230000 -86.360000 4.000000 3.100000 0.000000 0.000000 0.000000 249 
# 2014 04 14 05 17 07 12.260000 -86.340000 6.000000 2.900000 0.000000 0.000000 0.000000 250 
# 2014 04 14 05 25 27 12.240000 -86.360000 8.000000 3.100000 0.000000 0.000000 0.000000 251 
# 2014 04 14 05 39 43 12.250000 -86.350000 5.000000 3.000000 0.000000 0.000000 0.000000 252 
# 2014 04 14 05 43 53 12.250000 -86.360000 2.000000 4.600000 0.000000 0.000000 0.000000 253 
# 2014 04 14 05 49 29 12.250000 -86.360000 6.000000 3.500000 0.000000 0.000000 0.000000 254 
# 2014 04 14 05 54 58 12.240000 -86.340000 12.000000 2.500000 0.000000 0.000000 0.000000 255 
# 2014 04 14 05 59 25 12.260000 -86.330000 6.000000 3.500000 0.000000 0.000000 0.000000 256 
# 2014 04 14 06 05 24 12.210000 -86.370000 11.000000 3.500000 0.000000 0.000000 0.000000 257 
# 2014 04 14 06 12 31 12.220000 -86.360000 7.000000 4.000000 0.000000 0.000000 0.000000 258 
# 2014 04 14 06 20 56 12.250000 -86.340000 7.000000 3.500000 0.000000 0.000000 0.000000 259 
# 2014 04 14 06 27 24 12.240000 -86.330000 11.000000 2.400000 0.000000 0.000000 0.000000 260 
# 2014 04 14 06 31 01 12.220000 -86.360000 16.000000 2.900000 0.000000 0.000000 0.000000 261 
# 2014 04 14 06 34 11 12.190000 -86.370000 15.000000 3.000000 0.000000 0.000000 0.000000 262 
# 2014 04 14 06 39 02 12.240000 -86.350000 5.000000 2.800000 0.000000 0.000000 0.000000 263 
# 2014 04 14 06 44 16 12.260000 -86.360000 7.000000 3.000000 0.000000 0.000000 0.000000 264 
# 2014 04 14 06 52 26 12.240000 -86.340000 5.000000 3.200000 0.000000 0.000000 0.000000 265 
# 2014 04 14 06 54 30 12.220000 -86.340000 15.000000 2.000000 0.000000 0.000000 0.000000 266 
# 2014 04 14 07 10 05 12.240000 -86.350000 7.000000 3.100000 0.000000 0.000000 0.000000 267 
# 2014 04 14 07 16 03 12.430000 -86.500000 2.000000 4.200000 0.000000 0.000000 0.000000 268 
# 2014 04 14 07 24 09 12.230000 -86.310000 6.000000 2.000000 0.000000 0.000000 0.000000 269 
# 2014 04 14 07 27 46 12.230000 -86.350000 5.000000 2.700000 0.000000 0.000000 0.000000 270 
# 2014 04 14 07 36 13 12.250000 -86.340000 6.000000 3.100000 0.000000 0.000000 0.000000 271 
# 2014 04 14 07 41 56 12.440000 -86.510000 5.000000 2.600000 0.000000 0.000000 0.000000 272 
# 2014 04 14 07 51 33 12.190000 -86.350000 17.000000 2.500000 0.000000 0.000000 0.000000 273 
# 2014 04 14 07 56 18 12.200000 -86.360000 14.000000 2.200000 0.000000 0.000000 0.000000 274 
# 2014 04 14 08 09 57 12.190000 -86.360000 15.000000 2.100000 0.000000 0.000000 0.000000 275 
# 2014 04 14 08 32 35 12.350000 -86.460000 5.000000 2.600000 0.000000 0.000000 0.000000 276 
# 2014 04 14 08 44 26 12.220000 -86.370000 1.000000 1.300000 0.000000 0.000000 0.000000 277 
# 2014 04 14 08 46 19 12.230000 -86.350000 6.000000 2.400000 0.000000 0.000000 0.000000 278 
# 2014 04 14 08 49 18 12.230000 -86.340000 8.000000 2.700000 0.000000 0.000000 0.000000 279 
# 2014 04 14 08 56 07 12.240000 -86.360000 13.000000 2.300000 0.000000 0.000000 0.000000 280 
# 2014 04 14 08 59 33 12.250000 -86.350000 13.000000 2.300000 0.000000 0.000000 0.000000 281 
# 2014 04 14 09 05 18 12.250000 -86.340000 6.000000 3.300000 0.000000 0.000000 0.000000 282 
# 2014 04 14 09 14 16 12.230000 -86.330000 15.000000 1.000000 0.000000 0.000000 0.000000 283 
# 2014 04 14 09 23 45 12.250000 -86.350000 7.000000 3.000000 0.000000 0.000000 0.000000 284 
# 2014 04 14 09 39 47 12.250000 -86.340000 6.000000 2.400000 0.000000 0.000000 0.000000 285 
# 2014 04 14 10 14 24 12.390000 -86.480000 6.000000 2.800000 0.000000 0.000000 0.000000 286 
# 2014 04 14 10 29 51 12.220000 -86.370000 7.000000 3.700000 0.000000 0.000000 0.000000 287 
# 2014 04 14 10 40 15 12.240000 -86.370000 2.000000 2.000000 0.000000 0.000000 0.000000 288 
# 2014 04 14 10 52 13 12.230000 -86.360000 14.000000 2.400000 0.000000 0.000000 0.000000 289 
# 2014 04 14 11 02 05 12.260000 -86.360000 6.000000 2.400000 0.000000 0.000000 0.000000 290 
# 2014 04 14 11 32 04 12.260000 -86.370000 2.000000 3.000000 0.000000 0.000000 0.000000 291 
# 2014 04 14 11 36 40 12.230000 -86.390000 16.000000 3.300000 0.000000 0.000000 0.000000 292 
# 2014 04 14 11 54 22 12.250000 -86.370000 6.000000 3.000000 0.000000 0.000000 0.000000 293 
# 2014 04 14 12 36 25 12.250000 -86.360000 2.000000 3.800000 0.000000 0.000000 0.000000 294 
# 2014 04 14 12 44 18 12.240000 -86.350000 6.000000 2.700000 0.000000 0.000000 0.000000 295 
# 2014 04 14 12 53 33 12.380000 -86.480000 6.000000 1.900000 0.000000 0.000000 0.000000 296 
# 2014 04 14 13 11 51 12.370000 -86.460000 8.000000 2.700000 0.000000 0.000000 0.000000 297 
# 2014 04 14 13 13 42 12.230000 -86.370000 5.000000 1.700000 0.000000 0.000000 0.000000 298 
# 2014 04 14 13 22 37 12.190000 -86.350000 19.000000 2.300000 0.000000 0.000000 0.000000 299 
# 2014 04 14 13 50 15 12.230000 -86.360000 5.000000 3.200000 0.000000 0.000000 0.000000 300 
# 2014 04 14 13 54 31 12.210000 -86.370000 6.000000 1.800000 0.000000 0.000000 0.000000 301 
# 2014 04 14 15 15 54 12.230000 -86.380000 12.000000 1.400000 0.000000 0.000000 0.000000 302 
# 2014 04 14 15 26 11 12.350000 -86.530000 5.000000 1.900000 0.000000 0.000000 0.000000 303 
# 2014 04 14 15 54 21 12.240000 -86.350000 7.000000 3.600000 0.000000 0.000000 0.000000 304 
# 2014 04 14 16 21 47 12.220000 -86.360000 8.000000 2.700000 0.000000 0.000000 0.000000 305 
# 2014 04 14 17 00 57 12.250000 -86.380000 5.000000 2.900000 0.000000 0.000000 0.000000 306 
# 2014 04 14 17 05 27 12.220000 -86.400000 5.000000 1.800000 0.000000 0.000000 0.000000 307 
# 2014 04 14 17 32 23 12.390000 -86.470000 2.000000 2.000000 0.000000 0.000000 0.000000 308 
# 2014 04 14 17 44 32 12.290000 -86.360000 3.000000 2.200000 0.000000 0.000000 0.000000 309 
# 2014 04 14 18 14 22 12.240000 -86.370000 7.000000 3.700000 0.000000 0.000000 0.000000 310 
# 2014 04 14 18 46 28 12.230000 -86.380000 8.000000 1.600000 0.000000 0.000000 0.000000 311 
# 2014 04 14 18 49 31 12.250000 -86.380000 5.000000 1.700000 0.000000 0.000000 0.000000 312 
# 2014 04 14 18 59 41 12.250000 -86.380000 5.000000 2.300000 0.000000 0.000000 0.000000 313 
# 2014 04 14 19 14 35 12.350000 -86.490000 11.000000 2.100000 0.000000 0.000000 0.000000 314 
# 2014 04 14 19 50 06 12.170000 -86.360000 18.000000 3.300000 0.000000 0.000000 0.000000 315 
# 2014 04 14 20 08 03 12.250000 -86.360000 12.000000 2.400000 0.000000 0.000000 0.000000 316 
# 2014 04 14 20 51 29 12.260000 -86.370000 6.000000 3.300000 0.000000 0.000000 0.000000 317 
# 2014 04 14 20 59 02 12.250000 -86.380000 4.000000 1.200000 0.000000 0.000000 0.000000 318 
# 2014 04 14 21 23 15 12.410000 -86.530000 6.000000 1.900000 0.000000 0.000000 0.000000 319 
# 2014 04 14 21 40 33 12.260000 -86.360000 5.000000 3.400000 0.000000 0.000000 0.000000 320 
# 2014 04 14 21 46 27 12.290000 -86.370000 5.000000 2.200000 0.000000 0.000000 0.000000 321 
# 2014 04 14 21 51 45 12.220000 -86.370000 0.000000 1.700000 0.000000 0.000000 0.000000 322 
# 2014 04 14 22 19 29 12.210000 -86.370000 13.000000 2.900000 0.000000 0.000000 0.000000 323 
# 2014 04 14 23 16 11 12.250000 -86.380000 6.000000 1.500000 0.000000 0.000000 0.000000 324 
# 2014 04 14 23 59 20 12.200000 -86.410000 18.000000 3.100000 0.000000 0.000000 0.000000 325 
# 2014 04 15 00 04 31 12.260000 -86.380000 2.000000 3.100000 0.000000 0.000000 0.000000 326 
# 2014 04 15 00 09 01 12.400000 -86.530000 0.000000 1.300000 0.000000 0.000000 0.000000 327 
# 2014 04 15 00 34 44 12.240000 -86.370000 4.000000 1.600000 0.000000 0.000000 0.000000 328 
# 2014 04 15 00 45 46 12.240000 -86.380000 12.000000 1.800000 0.000000 0.000000 0.000000 329 
# 2014 04 15 00 53 43 12.230000 -86.380000 12.000000 2.500000 0.000000 0.000000 0.000000 330 
# 2014 04 15 01 06 34 12.400000 -86.500000 7.000000 3.100000 0.000000 0.000000 0.000000 331 
# 2014 04 15 01 12 47 12.350000 -86.470000 3.000000 1.300000 0.000000 0.000000 0.000000 332 
# 2014 04 15 02 07 33 12.400000 -86.490000 4.000000 2.000000 0.000000 0.000000 0.000000 333 
# 2014 04 15 02 15 48 12.280000 -86.320000 2.000000 1.900000 0.000000 0.000000 0.000000 334 
# 2014 04 15 02 33 36 12.220000 -86.340000 4.000000 1.900000 0.000000 0.000000 0.000000 335 
# 2014 04 15 03 02 30 12.370000 -86.430000 4.000000 2.600000 0.000000 0.000000 0.000000 336 
# 2014 04 15 03 14 40 12.370000 -86.490000 15.000000 2.300000 0.000000 0.000000 0.000000 337 
# 2014 04 15 03 24 11 12.240000 -86.360000 6.000000 1.400000 0.000000 0.000000 0.000000 338 
# 2014 04 15 03 41 44 12.380000 -86.440000 6.000000 3.300000 0.000000 0.000000 0.000000 339 
# 2014 04 15 03 47 26 12.390000 -86.510000 16.000000 1.800000 0.000000 0.000000 0.000000 340 
# 2014 04 15 04 00 46 12.250000 -86.380000 14.000000 2.700000 0.000000 0.000000 0.000000 341 
# 2014 04 15 04 15 46 12.210000 -86.320000 6.000000 2.600000 0.000000 0.000000 0.000000 342 
# 2014 04 15 04 28 07 12.200000 -86.320000 6.000000 4.200000 0.000000 0.000000 0.000000 343 
# 2014 04 15 05 15 40 12.290000 -86.350000 12.000000 1.400000 0.000000 0.000000 0.000000 344 
# 2014 04 15 05 35 44 12.310000 -86.470000 16.000000 1.900000 0.000000 0.000000 0.000000 345 
# 2014 04 15 06 30 56 12.320000 -86.420000 13.000000 1.200000 0.000000 0.000000 0.000000 346 
# 2014 04 15 06 50 04 12.390000 -86.500000 12.000000 1.700000 0.000000 0.000000 0.000000 347 
# 2014 04 15 07 04 05 12.200000 -86.310000 6.000000 3.500000 0.000000 0.000000 0.000000 348 
# 2014 04 15 07 09 54 12.210000 -86.310000 6.000000 3.300000 0.000000 0.000000 0.000000 349 
# 2014 04 15 07 23 17 12.200000 -86.330000 6.000000 2.100000 0.000000 0.000000 0.000000 350 
# 2014 04 15 07 37 59 12.230000 -86.390000 19.000000 2.200000 0.000000 0.000000 0.000000 351 
# 2014 04 15 08 18 01 12.230000 -86.370000 5.000000 1.600000 0.000000 0.000000 0.000000 352 
# 2014 04 15 08 20 21 12.240000 -86.350000 10.000000 2.200000 0.000000 0.000000 0.000000 353 
# 2014 04 15 08 56 52 12.360000 -86.440000 6.000000 2.300000 0.000000 0.000000 0.000000 354 
# 2014 04 15 09 18 25 12.380000 -86.450000 6.000000 1.900000 0.000000 0.000000 0.000000 355 
# 2014 04 15 09 27 05 12.370000 -86.450000 6.000000 1.500000 0.000000 0.000000 0.000000 356 
# 2014 04 15 10 01 13 12.220000 -86.380000 6.000000 2.000000 0.000000 0.000000 0.000000 357 
# 2014 04 15 11 20 58 12.180000 -86.360000 6.000000 1.800000 0.000000 0.000000 0.000000 358 
# 2014 04 15 11 28 03 12.190000 -86.340000 4.000000 1.300000 0.000000 0.000000 0.000000 359 
# 2014 04 15 12 02 00 12.240000 -86.360000 4.000000 2.700000 0.000000 0.000000 0.000000 360 
# 2014 04 15 12 30 33 12.220000 -86.370000 5.000000 1.400000 0.000000 0.000000 0.000000 361 
# 2014 04 15 12 48 12 12.250000 -86.350000 6.000000 3.300000 0.000000 0.000000 0.000000 362 
# 2014 04 15 13 03 22 12.380000 -86.520000 13.000000 2.400000 0.000000 0.000000 0.000000 363 
# 2014 04 15 13 14 09 12.370000 -86.460000 8.000000 2.500000 0.000000 0.000000 0.000000 364 
# 2014 04 15 13 17 49 12.370000 -86.450000 9.000000 3.200000 0.000000 0.000000 0.000000 365 
# 2014 04 15 14 50 10 12.410000 -86.500000 6.000000 2.200000 0.000000 0.000000 0.000000 366 
# 2014 04 15 16 28 23 12.360000 -86.550000 5.000000 1.200000 0.000000 0.000000 0.000000 367 
# 2014 04 15 17 25 59 12.360000 -86.520000 2.000000 1.000000 0.000000 0.000000 0.000000 368 
# 2014 04 15 18 08 46 12.380000 -86.470000 13.000000 2.700000 0.000000 0.000000 0.000000 369 
# 2014 04 15 18 30 44 12.420000 -86.500000 5.000000 3.200000 0.000000 0.000000 0.000000 370 
# 2014 04 15 18 50 04 12.420000 -86.500000 6.000000 2.800000 0.000000 0.000000 0.000000 371 
# 2014 04 15 19 42 44 12.450000 -86.450000 4.000000 2.600000 0.000000 0.000000 0.000000 372 
# 2014 04 15 19 47 50 12.370000 -86.540000 0.000000 1.400000 0.000000 0.000000 0.000000 373 
# 2014 04 15 19 54 59 12.380000 -86.460000 6.000000 2.600000 0.000000 0.000000 0.000000 374 
# 2014 04 15 20 53 56 12.400000 -86.480000 9.000000 2.300000 0.000000 0.000000 0.000000 375 
# 2014 04 15 21 39 21 12.440000 -86.520000 7.000000 1.400000 0.000000 0.000000 0.000000 376 
# 2014 04 16 03 18 32 12.350000 -86.460000 6.000000 3.800000 0.000000 0.000000 0.000000 377 
# 2014 04 16 03 48 38 12.360000 -86.460000 6.000000 2.000000 0.000000 0.000000 0.000000 378 
# 2014 04 16 04 22 45 12.310000 -86.460000 4.000000 2.500000 0.000000 0.000000 0.000000 379 
# 2014 04 16 04 51 33 12.180000 -86.390000 6.000000 1.500000 0.000000 0.000000 0.000000 380 
# 2014 04 16 05 21 52 12.400000 -86.450000 6.000000 2.300000 0.000000 0.000000 0.000000 381 
# 2014 04 16 05 25 14 12.380000 -86.520000 4.000000 2.000000 0.000000 0.000000 0.000000 382 
# 2014 04 16 06 52 18 12.370000 -86.490000 4.000000 1.800000 0.000000 0.000000 0.000000 383 
# 2014 04 16 07 19 52 12.420000 -86.500000 6.000000 1.800000 0.000000 0.000000 0.000000 384 
# 2014 04 16 10 13 07 12.440000 -86.360000 16.000000 1.300000 0.000000 0.000000 0.000000 385 
# 2014 04 16 10 58 02 12.390000 -86.430000 1.000000 2.300000 0.000000 0.000000 0.000000 386 
# 2014 04 16 11 46 07 12.290000 -86.330000 2.000000 2.200000 0.000000 0.000000 0.000000 387 
# 2014 04 16 12 52 08 12.340000 -86.470000 1.000000 2.100000 0.000000 0.000000 0.000000 388 
# 2014 04 16 14 32 50 12.310000 -86.490000 2.000000 1.400000 0.000000 0.000000 0.000000 389 
# 2014 04 16 15 40 07 12.350000 -86.480000 12.000000 1.700000 0.000000 0.000000 0.000000 390 
# 2014 04 16 15 43 24 12.390000 -86.470000 7.000000 2.500000 0.000000 0.000000 0.000000 391 
# 2014 04 16 16 04 31 12.210000 -86.380000 5.000000 1.300000 0.000000 0.000000 0.000000 392 
# 2014 04 16 17 09 06 12.390000 -86.450000 2.000000 3.100000 0.000000 0.000000 0.000000 393 
# 2014 04 16 17 59 06 12.320000 -86.510000 17.000000 2.900000 0.000000 0.000000 0.000000 394 
# 2014 04 16 19 13 37 12.310000 -86.440000 13.000000 2.100000 0.000000 0.000000 0.000000 395 
# 2014 04 16 19 40 09 12.270000 -86.360000 2.000000 1.600000 0.000000 0.000000 0.000000 396 
# 2014 04 16 20 19 53 12.250000 -86.380000 5.000000 1.600000 0.000000 0.000000 0.000000 397 
# 2014 04 16 22 44 53 12.200000 -86.340000 6.000000 2.800000 0.000000 0.000000 0.000000 398 
# 2014 04 16 22 53 26 12.240000 -86.340000 2.000000 1.800000 0.000000 0.000000 0.000000 399 
# 2014 04 16 23 34 35 12.140000 -86.350000 4.000000 2.300000 0.000000 0.000000 0.000000 400 
# 2014 04 16 23 55 15 12.200000 -86.340000 13.000000 1.100000 0.000000 0.000000 0.000000 401 
# 2014 04 17 00 11 45 12.370000 -86.450000 6.000000 2.300000 0.000000 0.000000 0.000000 402 
# 2014 04 17 01 36 25 12.360000 -86.500000 13.000000 1.700000 0.000000 0.000000 0.000000 403 
# 2014 04 17 02 15 26 12.180000 -86.340000 6.000000 2.000000 0.000000 0.000000 0.000000 404 
# 2014 04 17 03 12 52 12.210000 -86.380000 2.000000 1.400000 0.000000 0.000000 0.000000 405 
# 2014 04 17 03 29 06 12.250000 -86.380000 4.000000 2.000000 0.000000 0.000000 0.000000 406 
# 2014 04 17 04 24 19 12.230000 -86.370000 7.000000 1.900000 0.000000 0.000000 0.000000 407 
# 2014 04 17 04 34 41 12.230000 -86.350000 15.000000 2.500000 0.000000 0.000000 0.000000 408 
# 2014 04 17 06 16 09 12.200000 -86.310000 4.000000 1.700000 0.000000 0.000000 0.000000 409 
# 2014 04 17 06 40 47 12.160000 -86.370000 2.000000 1.500000 0.000000 0.000000 0.000000 410 
# 2014 04 17 06 44 21 12.370000 -86.490000 13.000000 2.200000 0.000000 0.000000 0.000000 411 
# 2014 04 17 06 56 26 12.170000 -86.320000 14.000000 1.900000 0.000000 0.000000 0.000000 412 
# 2014 04 17 07 59 60 12.210000 -86.320000 6.000000 2.300000 0.000000 0.000000 0.000000 413 
# 2014 04 17 09 00 39 12.150000 -86.330000 12.000000 1.900000 0.000000 0.000000 0.000000 414 
# 2014 04 17 09 07 38 12.180000 -86.330000 6.000000 2.500000 0.000000 0.000000 0.000000 415 
# 2014 04 17 09 20 17 12.190000 -86.330000 1.000000 1.400000 0.000000 0.000000 0.000000 416 
# 2014 04 17 09 25 51 12.230000 -86.330000 6.000000 1.800000 0.000000 0.000000 0.000000 417 
# 2014 04 17 10 13 02 12.330000 -86.450000 8.000000 1.100000 0.000000 0.000000 0.000000 418 
# 2014 04 17 10 36 59 12.180000 -86.330000 6.000000 2.500000 0.000000 0.000000 0.000000 419 
# 2014 04 17 10 44 32 12.160000 -86.310000 15.000000 2.200000 0.000000 0.000000 0.000000 420 
# 2014 04 17 11 04 06 12.150000 -86.330000 15.000000 2.100000 0.000000 0.000000 0.000000 421 
# 2014 04 17 14 27 28 12.370000 -86.440000 4.000000 3.300000 0.000000 0.000000 0.000000 422 
# 2014 04 17 15 45 08 12.390000 -86.430000 2.000000 3.000000 0.000000 0.000000 0.000000 423 
# 2014 04 17 15 53 58 12.180000 -86.360000 8.000000 2.200000 0.000000 0.000000 0.000000 424 
# 2014 04 17 19 17 35 12.360000 -86.520000 6.000000 1.500000 0.000000 0.000000 0.000000 425 
# 2014 04 17 20 20 47 12.410000 -86.540000 6.000000 3.000000 0.000000 0.000000 0.000000 426 
# 2014 04 17 22 15 43 12.390000 -86.550000 2.000000 1.300000 0.000000 0.000000 0.000000 427 
# 2014 04 17 22 16 49 12.430000 -86.570000 2.000000 1.000000 0.000000 0.000000 0.000000 428 
# 2014 04 17 22 32 17 12.200000 -86.340000 5.000000 3.700000 0.000000 0.000000 0.000000 429 
# 2014 04 17 22 35 49 12.180000 -86.330000 15.000000 2.800000 0.000000 0.000000 0.000000 430 
# 2014 04 17 23 06 21 12.350000 -86.520000 13.000000 1.400000 0.000000 0.000000 0.000000 431 
# 2014 04 17 23 22 23 12.300000 -86.470000 10.000000 1.800000 0.000000 0.000000 0.000000 432 
# 2014 04 17 23 42 21 12.200000 -86.340000 5.000000 2.500000 0.000000 0.000000 0.000000 433 
# 2014 04 18 00 19 05 12.370000 -86.470000 2.000000 3.900000 0.000000 0.000000 0.000000 434 
# 2014 04 18 01 10 13 12.180000 -86.340000 6.000000 1.800000 0.000000 0.000000 0.000000 435 
# 2014 04 18 01 37 53 12.300000 -86.450000 2.000000 2.800000 0.000000 0.000000 0.000000 436 
# 2014 04 18 02 04 27 12.320000 -86.460000 13.000000 1.700000 0.000000 0.000000 0.000000 437 
# 2014 04 18 03 42 53 12.380000 -86.500000 10.000000 2.800000 0.000000 0.000000 0.000000 438 
# 2014 04 18 04 51 24 12.220000 -86.330000 14.000000 2.200000 0.000000 0.000000 0.000000 439 
# 2014 04 18 05 52 55 12.210000 -86.360000 5.000000 1.000000 0.000000 0.000000 0.000000 440 
# 2014 04 18 06 26 24 12.260000 -86.300000 12.000000 1.700000 0.000000 0.000000 0.000000 441 
# 2014 04 18 06 27 60 12.130000 -86.360000 6.000000 1.000000 0.000000 0.000000 0.000000 442 
# 2014 04 18 08 28 30 12.170000 -86.340000 5.000000 1.700000 0.000000 0.000000 0.000000 443 
# 2014 04 18 11 26 45 12.410000 -86.560000 4.000000 1.400000 0.000000 0.000000 0.000000 444 
# 2014 04 18 12 05 17 12.360000 -86.460000 6.000000 2.500000 0.000000 0.000000 0.000000 445 
# 2014 04 18 12 21 58 12.350000 -86.450000 4.000000 4.400000 0.000000 0.000000 0.000000 446 
# 2014 04 18 12 26 45 12.340000 -86.500000 0.000000 3.700000 0.000000 0.000000 0.000000 447 
# 2014 04 18 12 32 51 12.320000 -86.440000 4.000000 3.000000 0.000000 0.000000 0.000000 448 
# 2014 04 18 14 09 20 12.250000 -86.350000 14.000000 2.600000 0.000000 0.000000 0.000000 449 
# 2014 04 18 14 15 09 12.350000 -86.450000 13.000000 2.300000 0.000000 0.000000 0.000000 450 
# 2014 04 18 15 17 14 12.350000 -86.440000 1.000000 1.900000 0.000000 0.000000 0.000000 451 
# 2014 04 18 16 51 38 12.340000 -86.450000 4.000000 2.200000 0.000000 0.000000 0.000000 452 
# 2014 04 18 17 21 29 12.390000 -86.480000 6.000000 3.000000 0.000000 0.000000 0.000000 453 
# 2014 04 18 17 24 00 12.400000 -86.510000 12.000000 1.900000 0.000000 0.000000 0.000000 454 
# 2014 04 18 20 10 31 12.380000 -86.520000 7.000000 1.300000 0.000000 0.000000 0.000000 455 
# 2014 04 18 21 31 24 12.380000 -86.470000 10.000000 2.200000 0.000000 0.000000 0.000000 456 
# 2014 04 18 23 36 50 12.350000 -86.590000 10.000000 1.600000 0.000000 0.000000 0.000000 457 
# 2014 04 19 01 11 29 12.380000 -86.570000 13.000000 1.100000 0.000000 0.000000 0.000000 458 
# 2014 04 19 03 03 01 12.400000 -86.520000 15.000000 1.700000 0.000000 0.000000 0.000000 459 
# 2014 04 19 04 28 33 12.370000 -86.490000 8.000000 1.900000 0.000000 0.000000 0.000000 460 
# 2014 04 19 06 11 59 12.400000 -86.540000 5.000000 1.200000 0.000000 0.000000 0.000000 461 
# 2014 04 19 06 40 24 12.380000 -86.530000 5.000000 1.400000 0.000000 0.000000 0.000000 462 
# 2014 04 19 06 59 08 12.390000 -86.550000 4.000000 1.200000 0.000000 0.000000 0.000000 463 
# 2014 04 19 07 06 33 12.300000 -86.470000 5.000000 1.700000 0.000000 0.000000 0.000000 464 
# 2014 04 19 07 58 23 12.360000 -86.540000 8.000000 1.300000 0.000000 0.000000 0.000000 465 
# 2014 04 19 08 23 04 12.370000 -86.450000 13.000000 1.400000 0.000000 0.000000 0.000000 466 
# 2014 04 19 08 28 53 12.370000 -86.480000 9.000000 1.400000 0.000000 0.000000 0.000000 467 
# 2014 04 19 08 28 54 12.350000 -86.540000 4.000000 1.100000 0.000000 0.000000 0.000000 468 
# 2014 04 19 12 52 59 12.180000 -86.680000 40.000000 1.900000 0.000000 0.000000 0.000000 469 
# 2014 04 19 13 44 28 12.350000 -86.480000 1.000000 3.900000 0.000000 0.000000 0.000000 470 
# 2014 04 19 14 18 03 12.380000 -86.500000 6.000000 1.700000 0.000000 0.000000 0.000000 471 
# 2014 04 19 14 33 32 12.360000 -86.510000 5.000000 2.400000 0.000000 0.000000 0.000000 472 
# 2014 04 19 17 40 17 12.390000 -86.520000 5.000000 1.900000 0.000000 0.000000 0.000000 473 
# 2014 04 19 18 18 15 12.400000 -86.510000 6.000000 4.000000 0.000000 0.000000 0.000000 474 
# 2014 04 19 18 59 08 12.180000 -86.330000 8.000000 1.300000 0.000000 0.000000 0.000000 475 
# 2014 04 19 19 09 45 12.410000 -86.550000 5.000000 1.600000 0.000000 0.000000 0.000000 476 
# 2014 04 19 19 25 49 12.410000 -86.530000 14.000000 1.800000 0.000000 0.000000 0.000000 477 
# 2014 04 19 22 18 08 12.380000 -86.530000 13.000000 2.200000 0.000000 0.000000 0.000000 478 
# 2014 04 20 00 23 05 12.350000 -86.480000 16.000000 2.500000 0.000000 0.000000 0.000000 479 
# 2014 04 20 00 27 38 12.410000 -86.510000 13.000000 2.600000 0.000000 0.000000 0.000000 480 
# 2014 04 20 03 34 39 12.390000 -86.500000 14.000000 2.300000 0.000000 0.000000 0.000000 481 
# 2014 04 20 03 57 33 12.390000 -86.480000 6.000000 3.100000 0.000000 0.000000 0.000000 482 
# 2014 04 20 04 24 04 12.380000 -86.460000 5.000000 2.900000 0.000000 0.000000 0.000000 483 
# 2014 04 20 05 25 02 12.300000 -86.630000 6.000000 1.700000 0.000000 0.000000 0.000000 484 
# 2014 04 20 05 32 40 12.390000 -86.490000 7.000000 2.400000 0.000000 0.000000 0.000000 485 
# 2014 04 20 09 20 53 12.450000 -86.530000 6.000000 2.200000 0.000000 0.000000 0.000000 486 
# 2014 04 20 09 23 20 12.440000 -86.540000 6.000000 2.900000 0.000000 0.000000 0.000000 487 
# 2014 04 20 09 36 25 12.200000 -86.360000 14.000000 2.300000 0.000000 0.000000 0.000000 488 
# 2014 04 20 11 43 41 12.410000 -86.510000 5.000000 2.500000 0.000000 0.000000 0.000000 489 
# 2014 04 20 11 46 05 12.420000 -86.510000 6.000000 2.300000 0.000000 0.000000 0.000000 490 
# 2014 04 20 12 12 15 12.410000 -86.500000 5.000000 1.800000 0.000000 0.000000 0.000000 491 
# 2014 04 20 14 42 22 12.400000 -86.490000 4.000000 3.000000 0.000000 0.000000 0.000000 492 
# 2014 04 20 19 51 43 12.360000 -86.470000 7.000000 2.900000 0.000000 0.000000 0.000000 493 
# 2014 04 20 20 15 37 12.300000 -86.510000 18.000000 1.300000 0.000000 0.000000 0.000000 494 
# 2014 04 20 20 22 28 12.320000 -86.510000 10.000000 1.200000 0.000000 0.000000 0.000000 495 
# 2014 04 21 00 15 54 12.380000 -86.560000 2.000000 1.500000 0.000000 0.000000 0.000000 496 
# 2014 04 21 03 35 51 12.200000 -86.380000 5.000000 1.400000 0.000000 0.000000 0.000000 497 
# 2014 04 21 05 14 36 12.380000 -86.560000 8.000000 1.600000 0.000000 0.000000 0.000000 498 
# 2014 04 21 05 29 39 12.340000 -86.530000 6.000000 1.300000 0.000000 0.000000 0.000000 499 
# 2014 04 21 05 34 34 12.380000 -86.560000 5.000000 1.100000 0.000000 0.000000 0.000000 500 
# 2014 04 21 06 51 48 12.340000 -86.470000 6.000000 1.500000 0.000000 0.000000 0.000000 501 
# 2014 04 21 06 54 03 12.370000 -86.560000 5.000000 1.300000 0.000000 0.000000 0.000000 502 
# 2014 04 21 08 30 16 12.370000 -86.560000 7.000000 1.200000 0.000000 0.000000 0.000000 503 
# 2014 04 21 12 25 58 12.360000 -86.550000 2.000000 1.000000 0.000000 0.000000 0.000000 504 
# 2014 04 21 13 09 06 12.360000 -86.540000 2.000000 1.400000 0.000000 0.000000 0.000000 505 
# 2014 04 21 15 45 38 12.390000 -86.560000 4.000000 1.400000 0.000000 0.000000 0.000000 506 
# 2014 04 21 15 53 33 12.370000 -86.540000 2.000000 1.400000 0.000000 0.000000 0.000000 507 
# 2014 04 21 16 57 36 12.310000 -86.450000 15.000000 1.100000 0.000000 0.000000 0.000000 508 
# 2014 04 21 17 36 56 12.340000 -86.470000 5.000000 2.100000 0.000000 0.000000 0.000000 509 
# 2014 04 21 20 35 12 12.400000 -86.490000 7.000000 1.800000 0.000000 0.000000 0.000000 510 
# 2014 04 22 00 18 08 12.370000 -86.460000 10.000000 2.400000 0.000000 0.000000 0.000000 511 
# 2014 04 22 01 45 11 12.420000 -86.530000 11.000000 3.000000 0.000000 0.000000 0.000000 512 
# 2014 04 22 04 14 50 12.370000 -86.470000 16.000000 2.600000 0.000000 0.000000 0.000000 513 
# 2014 04 22 04 18 39 12.430000 -86.490000 6.000000 5.200000 0.000000 0.000000 0.000000 514 
# 2014 04 22 04 22 22 12.400000 -86.500000 17.000000 3.100000 0.000000 0.000000 0.000000 515 
# 2014 04 22 04 24 19 12.420000 -86.470000 17.000000 2.800000 0.000000 0.000000 0.000000 516 
# 2014 04 22 04 25 27 12.420000 -86.500000 15.000000 2.200000 0.000000 0.000000 0.000000 517 
# 2014 04 22 04 26 10 12.480000 -86.550000 1.000000 1.700000 0.000000 0.000000 0.000000 518 
# 2014 04 22 04 27 54 12.420000 -86.520000 15.000000 2.600000 0.000000 0.000000 0.000000 519 
# 2014 04 22 04 35 43 12.480000 -86.530000 14.000000 2.100000 0.000000 0.000000 0.000000 520 
# 2014 04 22 04 41 24 12.480000 -86.560000 18.000000 1.400000 0.000000 0.000000 0.000000 521 
# 2014 04 22 05 00 34 12.460000 -86.580000 6.000000 1.500000 0.000000 0.000000 0.000000 522 
# 2014 04 22 05 05 18 12.510000 -86.530000 4.000000 2.700000 0.000000 0.000000 0.000000 523 
# 2014 04 22 05 14 46 12.410000 -86.610000 5.000000 1.100000 0.000000 0.000000 0.000000 524 
# 2014 04 22 05 33 38 12.360000 -86.630000 2.000000 1.000000 0.000000 0.000000 0.000000 525 
# 2014 04 22 06 23 28 12.360000 -86.550000 5.000000 1.300000 0.000000 0.000000 0.000000 526 
# 2014 04 22 06 24 13 12.420000 -86.500000 7.000000 3.400000 0.000000 0.000000 0.000000 527 
# 2014 04 22 06 25 18 12.320000 -86.530000 10.000000 1.600000 0.000000 0.000000 0.000000 528 
# 2014 04 22 08 46 49 12.420000 -86.540000 11.000000 1.300000 0.000000 0.000000 0.000000 529 
# 2014 04 22 09 29 47 12.330000 -86.450000 6.000000 2.900000 0.000000 0.000000 0.000000 530 
# 2014 04 22 10 13 30 12.370000 -86.490000 15.000000 1.600000 0.000000 0.000000 0.000000 531 
# 2014 04 22 11 09 50 12.290000 -86.500000 3.000000 1.500000 0.000000 0.000000 0.000000 532 
# 2014 04 22 11 30 24 12.340000 -86.470000 2.000000 2.800000 0.000000 0.000000 0.000000 533 
# 2014 04 22 13 18 56 12.470000 -86.570000 16.000000 1.500000 0.000000 0.000000 0.000000 534 
# 2014 04 22 14 23 32 12.350000 -86.400000 2.000000 2.200000 0.000000 0.000000 0.000000 535 
# 2014 04 22 15 00 09 12.360000 -86.440000 14.000000 1.300000 0.000000 0.000000 0.000000 536 
# 2014 04 22 20 30 11 12.400000 -86.440000 8.000000 3.000000 0.000000 0.000000 0.000000 537 
# 2014 04 22 20 41 03 12.460000 -86.530000 20.000000 1.800000 0.000000 0.000000 0.000000 538 
# 2014 04 23 01 05 49 12.380000 -86.480000 14.000000 1.900000 0.000000 0.000000 0.000000 539 
# 2014 04 23 01 11 56 12.380000 -86.520000 14.000000 2.000000 0.000000 0.000000 0.000000 540 
# 2014 04 23 01 33 26 12.390000 -86.480000 10.000000 2.000000 0.000000 0.000000 0.000000 541 
# 2014 04 23 01 43 14 12.380000 -86.520000 15.000000 1.500000 0.000000 0.000000 0.000000 542 
# 2014 04 23 03 04 19 12.390000 -86.520000 6.000000 2.800000 0.000000 0.000000 0.000000 543 
# 2014 04 23 03 54 40 12.350000 -86.500000 2.000000 2.900000 0.000000 0.000000 0.000000 544 
# 2014 04 23 04 04 13 12.380000 -86.510000 3.000000 2.800000 0.000000 0.000000 0.000000 545 
# 2014 04 23 04 44 44 12.400000 -86.470000 6.000000 4.100000 0.000000 0.000000 0.000000 546 
# 2014 04 23 04 49 10 12.440000 -86.520000 18.000000 2.500000 0.000000 0.000000 0.000000 547 
# 2014 04 23 04 58 51 12.450000 -86.540000 21.000000 1.600000 0.000000 0.000000 0.000000 548 
# 2014 04 23 05 45 36 12.500000 -86.570000 21.000000 1.700000 0.000000 0.000000 0.000000 549 
# 2014 04 23 06 14 50 12.480000 -86.510000 2.000000 1.800000 0.000000 0.000000 0.000000 550 
# 2014 04 23 09 25 36 12.410000 -86.650000 15.000000 1.900000 0.000000 0.000000 0.000000 551 
# 2014 04 23 15 12 21 12.360000 -86.490000 2.000000 2.100000 0.000000 0.000000 0.000000 552 
# 2014 04 23 15 15 27 12.380000 -86.470000 6.000000 2.500000 0.000000 0.000000 0.000000 553 
# 2014 04 23 16 12 49 12.340000 -86.460000 2.000000 1.600000 0.000000 0.000000 0.000000 554 
# 2014 04 23 20 02 48 12.410000 -86.480000 10.000000 2.900000 0.000000 0.000000 0.000000 555 
# 2014 04 23 20 04 10 12.380000 -86.560000 13.000000 2.000000 0.000000 0.000000 0.000000 556 
# 2014 04 23 20 13 15 12.400000 -86.500000 13.000000 2.500000 0.000000 0.000000 0.000000 557 
# 2014 04 23 23 31 40 12.390000 -86.640000 10.000000 1.800000 0.000000 0.000000 0.000000 558 
# 2014 04 24 00 33 32 12.090000 -86.270000 17.000000 1.400000 0.000000 0.000000 0.000000 559 
# 2014 04 24 03 35 53 12.380000 -86.450000 3.000000 3.300000 0.000000 0.000000 0.000000 560 
# 2014 04 24 04 24 52 12.340000 -86.480000 15.000000 1.300000 0.000000 0.000000 0.000000 561 
# 2014 04 24 07 06 30 12.320000 -86.460000 7.000000 1.800000 0.000000 0.000000 0.000000 562 
# 2014 04 24 07 10 59 12.360000 -86.470000 2.000000 2.100000 0.000000 0.000000 0.000000 563 
# 2014 04 24 07 18 30 12.340000 -86.480000 6.000000 1.600000 0.000000 0.000000 0.000000 564 
# 2014 04 24 09 10 60 12.380000 -86.520000 10.000000 1.600000 0.000000 0.000000 0.000000 565 
# 2014 04 24 09 12 60 12.370000 -86.540000 9.000000 1.700000 0.000000 0.000000 0.000000 566 
# 2014 04 24 09 13 11 12.380000 -86.500000 6.000000 4.400000 0.000000 0.000000 0.000000 567 
# 2014 04 24 09 25 49 12.380000 -86.490000 10.000000 1.700000 0.000000 0.000000 0.000000 568 
# 2014 04 24 09 26 52 12.390000 -86.500000 13.000000 1.800000 0.000000 0.000000 0.000000 569 
# 2014 04 24 09 38 56 12.400000 -86.480000 6.000000 3.200000 0.000000 0.000000 0.000000 570 
# 2014 04 24 11 11 59 12.370000 -86.460000 13.000000 2.300000 0.000000 0.000000 0.000000 571 
# 2014 04 24 13 16 00 12.410000 -86.520000 14.000000 1.200000 0.000000 0.000000 0.000000 572 
# 2014 04 24 21 25 08 12.390000 -86.470000 9.000000 1.600000 0.000000 0.000000 0.000000 573 
# 2014 04 24 22 12 02 12.340000 -86.510000 15.000000 1.700000 0.000000 0.000000 0.000000 574 
# 2014 04 25 02 15 55 12.230000 -86.340000 12.000000 1.700000 0.000000 0.000000 0.000000 575 
# 2014 04 25 02 20 36 12.420000 -86.540000 10.000000 1.200000 0.000000 0.000000 0.000000 576 
# 2014 04 25 02 21 12 12.400000 -86.530000 1.000000 0.600000 0.000000 0.000000 0.000000 577 
# 2014 04 25 02 32 58 12.400000 -86.510000 12.000000 1.500000 0.000000 0.000000 0.000000 578 
# 2014 04 25 03 04 07 12.330000 -86.560000 21.000000 0.900000 0.000000 0.000000 0.000000 579 
# 2014 04 25 03 41 35 12.360000 -86.480000 18.000000 1.400000 0.000000 0.000000 0.000000 580 
# 2014 04 25 05 13 46 12.400000 -86.370000 6.000000 1.500000 0.000000 0.000000 0.000000 581 
# 2014 04 25 11 38 46 12.400000 -86.510000 10.000000 1.100000 0.000000 0.000000 0.000000 582 
# 2014 04 25 14 18 41 12.380000 -86.510000 15.000000 1.400000 0.000000 0.000000 0.000000 583 
# 2014 04 25 14 20 29 12.360000 -86.490000 6.000000 2.500000 0.000000 0.000000 0.000000 584 
# 2014 04 25 14 24 38 12.370000 -86.470000 6.000000 2.300000 0.000000 0.000000 0.000000 585 
# 2014 04 25 15 28 00 12.140000 -86.270000 10.000000 1.600000 0.000000 0.000000 0.000000 586 
# 2014 04 25 16 37 21 12.160000 -86.340000 9.000000 2.400000 0.000000 0.000000 0.000000 587 
# 2014 04 25 16 37 56 12.160000 -86.340000 6.000000 2.500000 0.000000 0.000000 0.000000 588 
# 2014 04 25 16 55 07 12.150000 -86.270000 19.000000 2.600000 0.000000 0.000000 0.000000 589 
# 2014 04 25 17 20 31 12.400000 -86.530000 6.000000 1.200000 0.000000 0.000000 0.000000 590 
# 2014 04 25 20 00 46 12.370000 -86.470000 14.000000 2.000000 0.000000 0.000000 0.000000 591 
# 2014 04 25 20 36 57 12.360000 -86.490000 6.000000 1.500000 0.000000 0.000000 0.000000 592 
# 2014 04 26 06 30 37 12.400000 -86.570000 3.000000 1.000000 0.000000 0.000000 0.000000 593 
# 2014 04 26 09 33 05 12.350000 -86.460000 2.000000 3.600000 0.000000 0.000000 0.000000 594 
# 2014 04 26 16 52 46 12.260000 -86.370000 4.000000 2.400000 0.000000 0.000000 0.000000 595 
# 2014 04 26 19 17 52 12.350000 -86.480000 7.000000 2.600000 0.000000 0.000000 0.000000 596 
# 2014 04 27 02 00 46 12.380000 -86.470000 8.000000 2.500000 0.000000 0.000000 0.000000 597 
# 2014 04 27 02 01 32 12.380000 -86.510000 5.000000 3.200000 0.000000 0.000000 0.000000 598 
# 2014 04 27 02 06 25 12.360000 -86.460000 3.000000 3.200000 0.000000 0.000000 0.000000 599 
# 2014 04 27 04 30 44 12.440000 -86.540000 6.000000 2.200000 0.000000 0.000000 0.000000 600 
# 2014 04 27 06 19 24 12.370000 -86.490000 15.000000 2.500000 0.000000 0.000000 0.000000 601 
# 2014 04 27 14 33 38 12.400000 -86.520000 11.000000 2.000000 0.000000 0.000000 0.000000 602 
# 2014 04 27 15 33 05 12.350000 -86.560000 2.000000 1.600000 0.000000 0.000000 0.000000 603 
# 2014 04 27 16 04 34 12.370000 -86.520000 11.000000 2.800000 0.000000 0.000000 0.000000 604 
# 2014 04 27 18 51 48 12.370000 -86.530000 10.000000 1.600000 0.000000 0.000000 0.000000 605 
# 2014 04 27 19 13 29 12.430000 -86.530000 8.000000 2.000000 0.000000 0.000000 0.000000 606 
# 2014 04 28 04 00 48 12.360000 -86.470000 6.000000 3.300000 0.000000 0.000000 0.000000 607 
# 2014 04 28 04 06 55 12.380000 -86.510000 7.000000 2.400000 0.000000 0.000000 0.000000 608 
# 2014 04 28 09 42 22 12.370000 -86.460000 6.000000 3.000000 0.000000 0.000000 0.000000 609 
# 2014 04 28 10 03 52 12.370000 -86.460000 7.000000 2.800000 0.000000 0.000000 0.000000 610 
# 2014 04 28 10 33 25 12.360000 -86.490000 12.000000 1.700000 0.000000 0.000000 0.000000 611 
# 2014 04 28 10 52 12 12.370000 -86.490000 10.000000 2.000000 0.000000 0.000000 0.000000 612 
# 2014 04 28 16 57 52 12.400000 -86.510000 1.000000 1.400000 0.000000 0.000000 0.000000 613 
# 2014 04 28 17 19 33 12.330000 -86.550000 2.000000 1.100000 0.000000 0.000000 0.000000 614 
# 2014 04 28 22 09 19 12.380000 -86.520000 6.000000 1.900000 0.000000 0.000000 0.000000 615 
# 2014 04 28 22 13 19 12.370000 -86.560000 6.000000 1.500000 0.000000 0.000000 0.000000 616 
# 2014 04 29 00 33 10 12.330000 -86.550000 2.000000 1.600000 0.000000 0.000000 0.000000 617 
# 2014 04 29 01 59 31 12.360000 -86.530000 3.000000 1.700000 0.000000 0.000000 0.000000 618 
# 2014 04 29 02 29 36 12.380000 -86.490000 3.000000 1.600000 0.000000 0.000000 0.000000 619 
# 2014 04 29 03 43 18 12.350000 -86.470000 13.000000 2.600000 0.000000 0.000000 0.000000 620 
# 2014 04 29 05 31 59 12.460000 -86.490000 5.000000 1.700000 0.000000 0.000000 0.000000 621 
# 2014 04 29 07 32 51 12.480000 -86.660000 155.000000 2.300000 0.000000 0.000000 0.000000 622 
# 2014 04 29 07 50 57 12.420000 -86.520000 2.000000 1.200000 0.000000 0.000000 0.000000 623 
# 2014 04 29 14 52 26 12.400000 -86.520000 8.000000 3.200000 0.000000 0.000000 0.000000 624 
# 2014 04 29 15 40 49 12.400000 -86.470000 2.000000 1.300000 0.000000 0.000000 0.000000 625 
# 2014 04 29 21 56 43 12.350000 -86.550000 5.000000 1.300000 0.000000 0.000000 0.000000 626 
# 2014 04 30 00 51 51 12.390000 -86.510000 5.000000 2.500000 0.000000 0.000000 0.000000 627 
# 2014 04 30 01 29 15 12.390000 -86.560000 1.000000 1.400000 0.000000 0.000000 0.000000 628 
# 2014 04 30 01 29 29 12.390000 -86.570000 2.000000 1.800000 0.000000 0.000000 0.000000 629 
# 2014 04 30 06 25 41 12.410000 -86.570000 5.000000 1.600000 0.000000 0.000000 0.000000 630 
# 2014 04 30 08 15 49 12.340000 -86.450000 5.000000 2.600000 0.000000 0.000000 0.000000 631 
# 2014 04 30 10 29 20 12.120000 -86.270000 1.000000 1.500000 0.000000 0.000000 0.000000 632 
# 2014 04 30 21 26 36 12.320000 -86.460000 2.000000 1.500000 0.000000 0.000000 0.000000 633 
# 2014 04 30 22 47 47 12.390000 -86.540000 3.000000 1.100000 0.000000 0.000000 0.000000 634 
# 2014 05 01 01 08 07 12.380000 -86.490000 10.000000 1.900000 0.000000 0.000000 0.000000 635 
# 2014 05 01 01 14 50 12.420000 -86.580000 1.000000 1.300000 0.000000 0.000000 0.000000 636 
# 2014 05 01 02 52 24 12.310000 -86.400000 4.000000 1.300000 0.000000 0.000000 0.000000 637 
# 2014 05 01 04 41 12 12.350000 -86.480000 5.000000 1.300000 0.000000 0.000000 0.000000 638 
# 2014 05 01 10 08 54 12.410000 -86.510000 10.000000 1.500000 0.000000 0.000000 0.000000 639 
# 2014 05 01 11 28 15 12.360000 -86.470000 9.000000 1.600000 0.000000 0.000000 0.000000 640 
# 2014 05 01 13 23 51 12.370000 -86.500000 15.000000 2.500000 0.000000 0.000000 0.000000 641 
# 2014 05 01 13 25 28 12.370000 -86.440000 3.000000 4.700000 0.000000 0.000000 0.000000 642 
# 2014 05 01 13 28 10 12.350000 -86.460000 2.000000 2.100000 0.000000 0.000000 0.000000 643 
# 2014 05 01 13 47 35 12.380000 -86.470000 11.000000 1.900000 0.000000 0.000000 0.000000 644 
# 2014 05 01 13 52 08 12.340000 -86.470000 7.000000 1.200000 0.000000 0.000000 0.000000 645 
# 2014 05 01 14 04 04 12.380000 -86.480000 12.000000 1.700000 0.000000 0.000000 0.000000 646 
# 2014 05 01 14 11 05 12.330000 -86.470000 2.000000 3.100000 0.000000 0.000000 0.000000 647 
# 2014 05 01 17 49 55 12.410000 -86.520000 4.000000 3.500000 0.000000 0.000000 0.000000 648 
# 2014 05 01 18 23 05 12.380000 -86.470000 11.000000 1.700000 0.000000 0.000000 0.000000 649 
# 2014 05 01 21 35 46 12.060000 -86.460000 154.000000 3.600000 0.000000 0.000000 0.000000 650 
# 2014 05 01 23 07 14 12.380000 -86.520000 13.000000 1.500000 0.000000 0.000000 0.000000 651 
# 2014 05 02 00 08 24 12.390000 -86.500000 10.000000 2.000000 0.000000 0.000000 0.000000 652 
# 2014 05 02 00 37 01 12.340000 -86.500000 10.000000 1.400000 0.000000 0.000000 0.000000 653 
# 2014 05 02 00 48 23 12.400000 -86.570000 2.000000 1.200000 0.000000 0.000000 0.000000 654 
# 2014 05 02 00 56 11 12.400000 -86.570000 6.000000 1.100000 0.000000 0.000000 0.000000 655 
# 2014 05 02 01 01 29 12.410000 -86.510000 4.000000 1.000000 0.000000 0.000000 0.000000 656 
# 2014 05 02 02 07 36 12.340000 -86.470000 8.000000 2.500000 0.000000 0.000000 0.000000 657 
# 2014 05 02 02 48 41 12.240000 -86.370000 5.000000 3.600000 0.000000 0.000000 0.000000 658 
# 2014 05 02 03 31 06 12.360000 -86.490000 4.000000 2.300000 0.000000 0.000000 0.000000 659 
# 2014 05 02 03 42 49 12.260000 -86.390000 4.000000 1.800000 0.000000 0.000000 0.000000 660 
# 2014 05 02 03 53 41 12.250000 -86.360000 3.000000 1.500000 0.000000 0.000000 0.000000 661 
# 2014 05 02 03 56 05 12.240000 -86.380000 1.000000 1.300000 0.000000 0.000000 0.000000 662 
# 2014 05 02 04 21 56 12.400000 -86.520000 5.000000 3.900000 0.000000 0.000000 0.000000 663 
# 2014 05 02 04 25 22 12.400000 -86.520000 3.000000 2.400000 0.000000 0.000000 0.000000 664 
# 2014 05 02 04 26 39 12.230000 -86.380000 1.000000 1.800000 0.000000 0.000000 0.000000 665 
# 2014 05 02 05 16 05 12.430000 -86.550000 9.000000 1.300000 0.000000 0.000000 0.000000 666 
# 2014 05 02 05 16 26 12.410000 -86.570000 5.000000 1.600000 0.000000 0.000000 0.000000 667 
# 2014 05 02 05 17 36 12.400000 -86.530000 6.000000 2.200000 0.000000 0.000000 0.000000 668 
# 2014 05 02 05 17 48 12.440000 -86.530000 7.000000 1.700000 0.000000 0.000000 0.000000 669 
# 2014 05 02 05 25 28 12.400000 -86.520000 6.000000 2.200000 0.000000 0.000000 0.000000 670 
# 2014 05 02 06 14 22 12.430000 -86.540000 6.000000 1.400000 0.000000 0.000000 0.000000 671 
# 2014 05 02 11 13 52 12.350000 -86.600000 2.000000 1.500000 0.000000 0.000000 0.000000 672 
# 2014 05 02 12 50 32 12.310000 -86.450000 2.000000 1.700000 0.000000 0.000000 0.000000 673 
# 2014 05 02 13 10 52 12.430000 -86.550000 5.000000 1.200000 0.000000 0.000000 0.000000 674 
# 2014 05 02 17 43 04 12.410000 -86.520000 11.000000 1.100000 0.000000 0.000000 0.000000 675 
# 2014 05 02 19 37 16 12.360000 -86.560000 3.000000 1.500000 0.000000 0.000000 0.000000 676 
# 2014 05 03 02 04 08 12.380000 -86.590000 7.000000 1.000000 0.000000 0.000000 0.000000 677 
# 2014 05 03 06 03 50 12.380000 -86.490000 6.000000 1.200000 0.000000 0.000000 0.000000 678 
# 2014 05 03 08 28 47 12.320000 -86.440000 8.000000 2.600000 0.000000 0.000000 0.000000 679 
# 2014 05 03 22 34 29 12.390000 -86.530000 13.000000 2.400000 0.000000 0.000000 0.000000 680 
# 2014 05 04 01 49 23 12.270000 -86.550000 7.000000 1.100000 0.000000 0.000000 0.000000 681 
# 2014 05 04 03 42 05 12.400000 -86.490000 14.000000 1.100000 0.000000 0.000000 0.000000 682 
# 2014 05 04 04 53 08 12.400000 -86.540000 8.000000 1.200000 0.000000 0.000000 0.000000 683 
# 2014 05 04 07 36 02 12.400000 -86.510000 4.000000 1.300000 0.000000 0.000000 0.000000 684 
# 2014 05 04 12 06 45 12.360000 -86.420000 3.000000 1.100000 0.000000 0.000000 0.000000 685 
# 2014 05 04 12 13 07 12.380000 -86.570000 2.000000 0.800000 0.000000 0.000000 0.000000 686 
# 2014 05 04 12 44 05 12.400000 -86.560000 2.000000 1.000000 0.000000 0.000000 0.000000 687 
# 2014 05 04 23 30 49 12.350000 -86.480000 7.000000 2.600000 0.000000 0.000000 0.000000 688 
# 2014 05 05 12 36 11 12.420000 -86.530000 8.000000 1.700000 0.000000 0.000000 0.000000 689 
# 2014 05 05 19 46 58 12.270000 -86.380000 6.000000 1.300000 0.000000 0.000000 0.000000 690 
# 2014 05 05 22 31 58 12.380000 -86.400000 5.000000 1.500000 0.000000 0.000000 0.000000 691 
# 2014 05 05 22 37 38 12.390000 -86.440000 10.000000 1.300000 0.000000 0.000000 0.000000 692 
# 2014 05 05 23 41 26 12.420000 -86.560000 1.000000 1.000000 0.000000 0.000000 0.000000 693 
# 2014 05 06 01 45 07 12.390000 -86.510000 5.000000 1.200000 0.000000 0.000000 0.000000 694 
# 2014 05 06 02 47 32 12.450000 -86.540000 6.000000 1.300000 0.000000 0.000000 0.000000 695 
# 2014 05 06 12 43 47 12.380000 -86.500000 14.000000 1.300000 0.000000 0.000000 0.000000 696 
# 2014 05 07 00 21 38 12.450000 -86.530000 5.000000 1.100000 0.000000 0.000000 0.000000 697 
# 2014 05 07 01 20 34 12.380000 -86.520000 10.000000 1.300000 0.000000 0.000000 0.000000 698 
# 2014 05 07 01 39 26 12.380000 -86.520000 8.000000 1.300000 0.000000 0.000000 0.000000 699 
# 2014 05 07 02 59 53 12.230000 -86.370000 3.000000 1.900000 0.000000 0.000000 0.000000 700 
# 2014 05 07 06 15 26 12.350000 -86.470000 6.000000 1.700000 0.000000 0.000000 0.000000 701 
# 2014 05 07 12 51 03 12.390000 -86.510000 7.000000 1.200000 0.000000 0.000000 0.000000 702 
# 2014 05 07 12 53 30 12.440000 -86.500000 6.000000 1.400000 0.000000 0.000000 0.000000 703 
# 2014 05 07 15 35 29 12.390000 -86.510000 12.000000 1.700000 0.000000 0.000000 0.000000 704 
# 2014 05 07 23 19 50 12.300000 -86.470000 2.000000 2.000000 0.000000 0.000000 0.000000 705 
# 2014 05 08 03 05 38 12.340000 -86.600000 4.000000 1.700000 0.000000 0.000000 0.000000 706 
# 2014 05 08 03 35 35 12.380000 -86.500000 11.000000 1.500000 0.000000 0.000000 0.000000 707 
# 2014 05 08 03 57 44 12.400000 -86.490000 10.000000 1.500000 0.000000 0.000000 0.000000 708 
# 2014 05 08 06 59 40 12.410000 -86.540000 15.000000 2.300000 0.000000 0.000000 0.000000 709 
# 2014 05 08 16 00 58 12.420000 -86.530000 6.000000 2.200000 0.000000 0.000000 0.000000 710 
# 2014 05 08 16 25 06 12.410000 -86.570000 10.000000 1.500000 0.000000 0.000000 0.000000 711 
# 2014 05 08 23 37 26 12.150000 -86.440000 5.000000 1.900000 0.000000 0.000000 0.000000 712 
# 2014 05 09 02 39 15 12.310000 -86.460000 3.000000 0.700000 0.000000 0.000000 0.000000 713 
# 2014 05 09 03 35 18 12.380000 -86.510000 8.000000 1.100000 0.000000 0.000000 0.000000 714 
# 2014 05 09 04 29 37 12.400000 -86.500000 2.000000 1.000000 0.000000 0.000000 0.000000 715 
# 2014 05 09 05 01 32 12.350000 -86.490000 2.000000 0.800000 0.000000 0.000000 0.000000 716 
# 2014 05 09 06 30 38 12.380000 -86.470000 3.000000 1.200000 0.000000 0.000000 0.000000 717 
# 2014 05 09 07 08 15 12.360000 -86.470000 7.000000 1.400000 0.000000 0.000000 0.000000 718 
# 2014 05 09 10 29 52 12.340000 -86.490000 5.000000 1.200000 0.000000 0.000000 0.000000 719 
# 2014 05 09 14 00 14 12.420000 -86.450000 14.000000 1.200000 0.000000 0.000000 0.000000 720 
# 2014 05 09 16 49 33 12.400000 -86.550000 1.000000 0.900000 0.000000 0.000000 0.000000 721 
# 2014 05 09 19 01 31 12.380000 -86.470000 10.000000 1.900000 0.000000 0.000000 0.000000 722 
# 2014 05 09 23 30 41 12.430000 -86.640000 5.000000 1.000000 0.000000 0.000000 0.000000 723 
# 2014 05 09 23 43 10 12.380000 -86.410000 3.000000 2.400000 0.000000 0.000000 0.000000 724 
# 2014 05 10 18 21 44 12.440000 -86.540000 6.000000 1.900000 0.000000 0.000000 0.000000 725 
# 2014 05 11 05 43 51 12.440000 -86.620000 9.000000 1.400000 0.000000 0.000000 0.000000 726 
# 2014 05 11 08 18 16 12.380000 -86.510000 10.000000 1.600000 0.000000 0.000000 0.000000 727 
# 2014 05 11 11 00 33 12.380000 -86.480000 9.000000 2.000000 0.000000 0.000000 0.000000 728 
# 2014 05 12 00 32 40 12.320000 -86.500000 3.000000 2.300000 0.000000 0.000000 0.000000 729 
# 2014 05 12 04 58 19 12.410000 -86.500000 3.000000 2.200000 0.000000 0.000000 0.000000 730 
# 2014 05 12 11 13 19 12.450000 -86.440000 4.000000 2.300000 0.000000 0.000000 0.000000 731 
# 2014 05 12 18 48 31 12.320000 -86.400000 2.000000 1.900000 0.000000 0.000000 0.000000 732 
# 2014 05 13 05 28 00 12.420000 -86.520000 5.000000 2.000000 0.000000 0.000000 0.000000 733 
# 2014 05 13 06 41 22 12.380000 -86.570000 2.000000 1.500000 0.000000 0.000000 0.000000 734 
# 2014 05 13 13 26 48 12.360000 -86.500000 9.000000 1.700000 0.000000 0.000000 0.000000 735 
# 2014 05 14 11 16 34 12.330000 -86.430000 5.000000 2.800000 0.000000 0.000000 0.000000 736 
# 2014 05 14 12 49 30 12.370000 -86.540000 4.000000 1.200000 0.000000 0.000000 0.000000 737 
# 2014 05 15 01 49 57 12.240000 -86.360000 4.000000 2.500000 0.000000 0.000000 0.000000 738 
# 2014 05 15 06 28 06 12.380000 -86.590000 6.000000 1.100000 0.000000 0.000000 0.000000 739 
# 2014 05 15 12 18 13 12.370000 -86.540000 10.000000 1.600000 0.000000 0.000000 0.000000 740 
# 2014 05 15 13 53 17 12.390000 -86.530000 4.000000 1.300000 0.000000 0.000000 0.000000 741 
# 2014 05 15 14 07 54 12.420000 -86.530000 3.000000 1.600000 0.000000 0.000000 0.000000 742 
# 2014 05 15 16 07 20 12.330000 -86.440000 2.000000 1.100000 0.000000 0.000000 0.000000 743 
# 2014 05 15 19 02 24 12.330000 -86.460000 2.000000 0.700000 0.000000 0.000000 0.000000 744 
# 2014 05 15 23 04 46 12.440000 -86.600000 2.000000 0.800000 0.000000 0.000000 0.000000 745 
# 2014 05 16 03 37 35 12.400000 -86.580000 6.000000 1.300000 0.000000 0.000000 0.000000 746 
# 2014 05 16 04 29 29 12.360000 -86.570000 6.000000 1.000000 0.000000 0.000000 0.000000 747 
# 2014 05 16 06 07 32 12.350000 -86.470000 7.000000 1.700000 0.000000 0.000000 0.000000 748 
# 2014 05 16 14 44 51 12.410000 -86.490000 5.000000 2.300000 0.000000 0.000000 0.000000 749 
# 2014 05 16 15 10 34 12.430000 -86.610000 8.000000 1.200000 0.000000 0.000000 0.000000 750 
# 2014 05 16 16 10 51 12.410000 -86.520000 7.000000 1.600000 0.000000 0.000000 0.000000 751 
# 2014 05 16 16 14 35 12.420000 -86.530000 4.000000 1.500000 0.000000 0.000000 0.000000 752 
# 2014 05 16 17 17 41 12.430000 -86.530000 4.000000 1.600000 0.000000 0.000000 0.000000 753 
# 2014 05 16 18 02 38 12.410000 -86.550000 5.000000 1.300000 0.000000 0.000000 0.000000 754 
# 2014 05 16 19 02 02 12.410000 -86.550000 2.000000 1.200000 0.000000 0.000000 0.000000 755 
# 2014 05 16 19 02 42 12.410000 -86.550000 6.000000 1.500000 0.000000 0.000000 0.000000 756 
# 2014 05 17 00 27 21 12.390000 -86.600000 6.000000 1.200000 0.000000 0.000000 0.000000 757 
# 2014 05 17 20 17 07 12.370000 -86.430000 9.000000 2.100000 0.000000 0.000000 0.000000 758 
# 2014 05 18 07 59 32 12.330000 -86.520000 1.000000 1.600000 0.000000 0.000000 0.000000 759 
# 2014 05 18 08 20 27 12.350000 -86.520000 6.000000 1.200000 0.000000 0.000000 0.000000 760 
# 2014 05 19 07 51 35 12.470000 -86.760000 2.000000 1.400000 0.000000 0.000000 0.000000 761 
# 2014 05 19 22 33 32 12.280000 -86.580000 7.000000 1.600000 0.000000 0.000000 0.000000 762 
# 2014 05 20 03 03 15 12.070000 -86.770000 59.000000 1.900000 0.000000 0.000000 0.000000 763 
# 2014 05 20 09 23 01 12.380000 -86.590000 5.000000 1.600000 0.000000 0.000000 0.000000 764 
# 2014 05 20 11 20 25 12.390000 -86.510000 17.000000 1.700000 0.000000 0.000000 0.000000 765 
# 2014 05 20 11 22 39 12.400000 -86.570000 3.000000 1.500000 0.000000 0.000000 0.000000 766 
# 2014 05 20 19 26 35 12.390000 -86.520000 12.000000 1.400000 0.000000 0.000000 0.000000 767 
# 2014 05 20 21 37 11 12.370000 -86.530000 19.000000 1.200000 0.000000 0.000000 0.000000 768 
# 2014 05 20 22 20 27 12.400000 -86.520000 3.000000 1.200000 0.000000 0.000000 0.000000 769 
# 2014 05 20 23 02 34 12.390000 -86.510000 11.000000 1.900000 0.000000 0.000000 0.000000 770 
# 2014 05 21 01 26 21 12.370000 -86.470000 5.000000 1.100000 0.000000 0.000000 0.000000 771 
# 2014 05 21 01 52 22 12.320000 -86.510000 6.000000 2.000000 0.000000 0.000000 0.000000 772 
# 2014 05 21 19 53 36 12.400000 -86.490000 11.000000 2.000000 0.000000 0.000000 0.000000 773 
# 2014 05 21 21 26 29 12.410000 -86.480000 10.000000 1.600000 0.000000 0.000000 0.000000 774 
# 2014 05 21 23 00 60 12.380000 -86.480000 8.000000 4.200000 0.000000 0.000000 0.000000 775 
# 2014 05 22 00 18 59 12.400000 -86.480000 15.000000 1.400000 0.000000 0.000000 0.000000 776 
# 2014 05 22 00 27 38 12.370000 -86.480000 6.000000 3.600000 0.000000 0.000000 0.000000 777 
# 2014 05 22 00 31 38 12.390000 -86.460000 16.000000 1.200000 0.000000 0.000000 0.000000 778 
# 2014 05 22 00 43 36 12.390000 -86.490000 11.000000 1.400000 0.000000 0.000000 0.000000 779 
# 2014 05 22 00 45 18 12.350000 -86.480000 2.000000 1.100000 0.000000 0.000000 0.000000 780 
# 2014 05 22 01 04 60 12.410000 -86.440000 11.000000 1.000000 0.000000 0.000000 0.000000 781 
# 2014 05 22 01 13 46 12.390000 -86.470000 13.000000 1.100000 0.000000 0.000000 0.000000 782 
# 2014 05 22 01 18 35 12.380000 -86.440000 2.000000 1.000000 0.000000 0.000000 0.000000 783 
# 2014 05 22 01 29 11 12.360000 -86.540000 9.000000 1.000000 0.000000 0.000000 0.000000 784 
# 2014 05 22 01 45 51 12.430000 -86.510000 2.000000 1.100000 0.000000 0.000000 0.000000 785 
# 2014 05 22 04 11 10 12.370000 -86.500000 6.000000 1.800000 0.000000 0.000000 0.000000 786 
# 2014 05 22 12 08 07 12.410000 -86.570000 3.000000 1.200000 0.000000 0.000000 0.000000 787 
# 2014 05 23 21 40 23 12.030000 -86.390000 188.000000 3.400000 0.000000 0.000000 0.000000 788 
# 2014 05 24 00 28 57 12.380000 -86.460000 6.000000 2.800000 0.000000 0.000000 0.000000 789 
# 2014 05 24 08 52 48 12.410000 -86.510000 6.000000 2.400000 0.000000 0.000000 0.000000 790 
# 2014 05 25 01 29 31 12.380000 -86.510000 4.000000 1.800000 0.000000 0.000000 0.000000 791 
# 2014 05 25 02 32 48 12.380000 -86.510000 4.000000 1.400000 0.000000 0.000000 0.000000 792 
# 2014 05 25 16 48 49 12.390000 -86.490000 1.000000 2.700000 0.000000 0.000000 0.000000 793 
# 2014 05 25 17 11 43 12.390000 -86.510000 15.000000 4.000000 0.000000 0.000000 0.000000 794 
# 2014 05 25 17 21 26 12.390000 -86.570000 7.000000 2.000000 0.000000 0.000000 0.000000 795 
# 2014 05 25 17 40 06 12.380000 -86.510000 1.000000 2.700000 0.000000 0.000000 0.000000 796 
# 2014 05 25 19 07 53 12.410000 -86.560000 7.000000 2.200000 0.000000 0.000000 0.000000 797 
# 2014 05 25 19 15 33 12.390000 -86.340000 1.000000 2.200000 0.000000 0.000000 0.000000 798 
# 2014 05 26 00 04 12 12.410000 -86.550000 4.000000 2.500000 0.000000 0.000000 0.000000 799 
# 2014 05 26 03 50 05 12.380000 -86.540000 1.000000 1.200000 0.000000 0.000000 0.000000 800 
# 2014 05 26 03 52 06 12.390000 -86.550000 4.000000 1.000000 0.000000 0.000000 0.000000 801 
# 2014 05 26 04 32 28 12.390000 -86.580000 6.000000 1.300000 0.000000 0.000000 0.000000 802 
# 2014 05 26 06 27 36 12.370000 -86.570000 7.000000 2.200000 0.000000 0.000000 0.000000 803 
# 2014 05 26 06 30 16 12.400000 -86.550000 5.000000 1.400000 0.000000 0.000000 0.000000 804 
# 2014 05 26 08 47 31 12.390000 -86.520000 0.000000 0.600000 0.000000 0.000000 0.000000 805 
# 2014 05 26 09 00 47 12.400000 -86.550000 6.000000 2.000000 0.000000 0.000000 0.000000 806 
# 2014 05 26 09 07 41 12.400000 -86.560000 6.000000 1.200000 0.000000 0.000000 0.000000 807 
# 2014 05 26 09 17 32 12.400000 -86.550000 4.000000 1.300000 0.000000 0.000000 0.000000 808 
# 2014 05 26 10 47 35 12.360000 -86.580000 8.000000 2.000000 0.000000 0.000000 0.000000 809 
# 2014 05 26 10 48 36 12.350000 -86.580000 7.000000 1.700000 0.000000 0.000000 0.000000 810 
# 2014 05 26 12 47 56 12.380000 -86.580000 7.000000 1.200000 0.000000 0.000000 0.000000 811 
# 2014 05 26 13 34 53 12.400000 -86.550000 6.000000 1.900000 0.000000 0.000000 0.000000 812 
# 2014 05 26 16 09 02 12.430000 -86.530000 9.000000 1.400000 0.000000 0.000000 0.000000 813 
# 2014 05 27 00 12 44 12.400000 -86.520000 6.000000 3.100000 0.000000 0.000000 0.000000 814 
# 2014 05 27 03 11 50 12.380000 -86.560000 10.000000 1.300000 0.000000 0.000000 0.000000 815 
# 2014 05 27 06 09 32 12.470000 -86.670000 1.000000 1.600000 0.000000 0.000000 0.000000 816 
# 2014 05 28 00 14 32 12.270000 -86.390000 2.000000 1.900000 0.000000 0.000000 0.000000 817 
# 2014 05 28 05 33 59 12.430000 -86.610000 4.000000 1.400000 0.000000 0.000000 0.000000 818 
# 2014 05 28 06 55 05 12.410000 -86.540000 11.000000 2.200000 0.000000 0.000000 0.000000 819 
# 2014 05 28 11 48 35 12.440000 -86.510000 11.000000 1.500000 0.000000 0.000000 0.000000 820 
# 2014 05 28 13 43 43 12.390000 -86.520000 9.000000 2.300000 0.000000 0.000000 0.000000 821 
# 2014 05 29 02 33 55 12.340000 -86.570000 7.000000 1.000000 0.000000 0.000000 0.000000 822 
# 2014 05 29 05 57 18 12.440000 -86.500000 11.000000 1.800000 0.000000 0.000000 0.000000 823 
# 2014 05 29 11 13 23 12.320000 -86.480000 4.000000 1.900000 0.000000 0.000000 0.000000 824 
# 2014 05 29 11 48 49 12.340000 -86.480000 6.000000 1.800000 0.000000 0.000000 0.000000 825 
# 2014 05 30 04 03 17 12.380000 -86.460000 14.000000 2.500000 0.000000 0.000000 0.000000 826 
# 2014 05 30 19 06 31 12.340000 -86.490000 17.000000 2.300000 0.000000 0.000000 0.000000 827 
# 2014 05 30 21 11 20 12.450000 -86.610000 2.000000 1.300000 0.000000 0.000000 0.000000 828 
# 2014 05 31 01 07 53 12.440000 -86.720000 9.000000 1.400000 0.000000 0.000000 0.000000 829 
# 2014 05 31 01 23 38 12.360000 -86.460000 6.000000 2.200000 0.000000 0.000000 0.000000 830 
# 2014 05 31 01 40 23 12.370000 -86.470000 10.000000 2.500000 0.000000 0.000000 0.000000 831 
# 2014 05 31 01 41 41 12.350000 -86.500000 6.000000 0.900000 0.000000 0.000000 0.000000 832 
# 2014 05 31 09 49 13 12.340000 -86.460000 6.000000 1.900000 0.000000 0.000000 0.000000 833 
# 2014 05 31 16 13 35 12.350000 -86.520000 15.000000 1.000000 0.000000 0.000000 0.000000 834 
# 2014 06 01 03 04 21 12.330000 -86.420000 2.000000 1.800000 0.000000 0.000000 0.000000 835 
# 2014 06 01 10 10 02 12.400000 -86.540000 8.000000 1.700000 0.000000 0.000000 0.000000 836 
# 2014 06 01 11 38 16 12.250000 -86.380000 4.000000 3.600000 0.000000 0.000000 0.000000 837 
# 2014 06 01 11 50 42 12.260000 -86.380000 3.000000 2.100000 0.000000 0.000000 0.000000 838 
# 2014 06 01 11 51 04 12.220000 -86.390000 7.000000 2.300000 0.000000 0.000000 0.000000 839 
# 2014 06 01 11 55 06 12.260000 -86.390000 2.000000 1.000000 0.000000 0.000000 0.000000 840 
# 2014 06 01 12 03 18 12.250000 -86.390000 7.000000 2.300000 0.000000 0.000000 0.000000 841 
# 2014 06 01 12 03 41 12.250000 -86.630000 1.000000 1.700000 0.000000 0.000000 0.000000 842 
# 2014 06 01 12 04 50 12.240000 -86.380000 7.000000 1.200000 0.000000 0.000000 0.000000 843 
# 2014 06 01 12 16 13 12.240000 -86.410000 12.000000 2.200000 0.000000 0.000000 0.000000 844 
# 2014 06 01 15 53 41 12.250000 -86.390000 2.000000 1.500000 0.000000 0.000000 0.000000 845 
# 2014 06 01 15 53 58 12.250000 -86.390000 2.000000 2.000000 0.000000 0.000000 0.000000 846 
# 2014 06 01 15 58 11 12.270000 -86.370000 9.000000 1.600000 0.000000 0.000000 0.000000 847 
# 2014 06 01 19 51 15 12.340000 -86.460000 15.000000 1.300000 0.000000 0.000000 0.000000 848 
# 2014 06 01 23 37 50 12.370000 -86.490000 16.000000 2.100000 0.000000 0.000000 0.000000 849 
# 2014 06 02 03 18 57 12.410000 -86.530000 6.000000 1.300000 0.000000 0.000000 0.000000 850 
# 2014 06 02 14 42 59 12.410000 -86.520000 12.000000 1.700000 0.000000 0.000000 0.000000 851 
# 2014 06 03 04 14 11 12.370000 -86.490000 14.000000 1.600000 0.000000 0.000000 0.000000 852 
# 2014 06 03 05 10 00 12.380000 -86.470000 13.000000 2.500000 0.000000 0.000000 0.000000 853 
# 2014 06 03 12 57 33 12.270000 -86.370000 5.000000 1.300000 0.000000 0.000000 0.000000 854 
# 2014 06 03 14 52 01 12.390000 -86.540000 18.000000 1.200000 0.000000 0.000000 0.000000 855 
# 2014 06 04 05 04 53 12.360000 -86.540000 0.000000 1.100000 0.000000 0.000000 0.000000 856 
# 2014 06 04 07 08 12 12.410000 -86.530000 6.000000 1.300000 0.000000 0.000000 0.000000 857 
# 2014 06 04 12 17 42 12.360000 -86.460000 13.000000 1.600000 0.000000 0.000000 0.000000 858 
# 2014 06 04 12 30 46 12.360000 -86.470000 13.000000 1.400000 0.000000 0.000000 0.000000 859 
# 2014 06 04 15 59 12 12.410000 -86.520000 15.000000 1.300000 0.000000 0.000000 0.000000 860 
# 2014 06 04 21 40 30 12.340000 -86.480000 9.000000 2.200000 0.000000 0.000000 0.000000 861 
# 2014 06 05 06 31 31 12.380000 -86.590000 6.000000 1.000000 0.000000 0.000000 0.000000 862 
# 2014 06 05 06 53 49 12.390000 -86.480000 13.000000 1.600000 0.000000 0.000000 0.000000 863 
# 2014 06 05 23 20 02 12.390000 -86.510000 13.000000 1.600000 0.000000 0.000000 0.000000 864 
# 2014 06 06 03 28 42 12.390000 -86.500000 6.000000 2.300000 0.000000 0.000000 0.000000 865 
# 2014 06 08 02 14 29 12.370000 -86.480000 5.000000 4.000000 0.000000 0.000000 0.000000 866 
# 2014 06 08 02 17 49 12.380000 -86.480000 6.000000 3.200000 0.000000 0.000000 0.000000 867 
# 2014 06 08 02 23 19 12.400000 -86.540000 0.000000 1.000000 0.000000 0.000000 0.000000 868 
# 2014 06 08 02 29 54 12.360000 -86.460000 9.000000 2.400000 0.000000 0.000000 0.000000 869 
# 2014 06 08 02 34 13 12.380000 -86.500000 15.000000 1.700000 0.000000 0.000000 0.000000 870 
# 2014 06 08 02 40 47 12.390000 -86.510000 14.000000 2.000000 0.000000 0.000000 0.000000 871 
# 2014 06 08 02 56 04 12.380000 -86.500000 8.000000 1.600000 0.000000 0.000000 0.000000 872 
# 2014 06 08 03 21 25 12.370000 -86.490000 10.000000 2.000000 0.000000 0.000000 0.000000 873 
# 2014 06 08 03 25 26 12.390000 -86.500000 12.000000 1.900000 0.000000 0.000000 0.000000 874 
# 2014 06 08 04 01 49 12.400000 -86.520000 13.000000 1.200000 0.000000 0.000000 0.000000 875 
# 2014 06 08 04 28 09 12.380000 -86.490000 11.000000 1.600000 0.000000 0.000000 0.000000 876 
# 2014 06 08 05 14 48 12.370000 -86.460000 6.000000 2.700000 0.000000 0.000000 0.000000 877 
# 2014 06 08 07 23 21 12.380000 -86.540000 2.000000 1.000000 0.000000 0.000000 0.000000 878 
# 2014 06 08 22 30 01 12.490000 -86.670000 9.000000 1.500000 0.000000 0.000000 0.000000 879 
# 2014 06 09 01 25 07 12.330000 -86.510000 6.000000 3.100000 0.000000 0.000000 0.000000 880 
# 2014 06 09 02 03 11 12.360000 -86.500000 6.000000 3.400000 0.000000 0.000000 0.000000 881 
# 2014 06 09 02 09 44 12.380000 -86.530000 11.000000 2.700000 0.000000 0.000000 0.000000 882 
# 2014 06 09 02 22 36 12.380000 -86.530000 12.000000 1.600000 0.000000 0.000000 0.000000 883 
# 2014 06 09 05 49 17 12.380000 -86.520000 11.000000 1.700000 0.000000 0.000000 0.000000 884 
# 2014 06 09 06 22 21 12.180000 -86.380000 7.000000 2.200000 0.000000 0.000000 0.000000 885 
# 2014 06 09 11 57 52 12.360000 -86.510000 11.000000 1.400000 0.000000 0.000000 0.000000 886 
# 2014 06 09 12 49 01 12.360000 -86.460000 12.000000 3.500000 0.000000 0.000000 0.000000 887 
# 2014 06 09 13 02 01 12.370000 -86.470000 6.000000 1.100000 0.000000 0.000000 0.000000 888 
# 2014 06 09 18 03 30 12.040000 -86.160000 8.000000 2.000000 0.000000 0.000000 0.000000 889 
# 2014 06 10 05 12 44 12.380000 -86.530000 13.000000 1.300000 0.000000 0.000000 0.000000 890 
# 2014 06 11 00 05 43 12.460000 -86.530000 4.000000 1.400000 0.000000 0.000000 0.000000 891 
# 2014 06 11 16 32 45 12.350000 -86.550000 5.000000 1.000000 0.000000 0.000000 0.000000 892 
# 2014 06 11 18 01 30 12.030000 -86.230000 1.000000 1.200000 0.000000 0.000000 0.000000 893 
# 2014 06 12 07 35 43 12.270000 -86.370000 9.000000 1.300000 0.000000 0.000000 0.000000 894 
# 2014 06 12 14 46 33 12.350000 -86.440000 8.000000 1.600000 0.000000 0.000000 0.000000 895 
# 2014 06 12 15 25 37 12.370000 -86.450000 5.000000 3.600000 0.000000 0.000000 0.000000 896 
# 2014 06 12 15 30 10 12.370000 -86.450000 13.000000 2.600000 0.000000 0.000000 0.000000 897 
# 2014 06 12 15 29 14 12.370000 -86.430000 7.000000 2.100000 0.000000 0.000000 0.000000 898 
# 2014 06 12 15 29 50 12.410000 -86.450000 2.000000 1.100000 0.000000 0.000000 0.000000 899 
# 2014 06 12 16 01 08 12.370000 -86.450000 5.000000 1.300000 0.000000 0.000000 0.000000 900 
# 2014 06 12 18 28 10 12.380000 -86.450000 7.000000 1.800000 0.000000 0.000000 0.000000 901 
# 2014 06 12 20 44 49 12.380000 -86.440000 6.000000 3.500000 0.000000 0.000000 0.000000 902 
# 2014 06 13 15 20 46 12.370000 -86.550000 0.000000 1.900000 0.000000 0.000000 0.000000 903 
# 2014 06 13 19 99 20 12.330000 -86.500000 9.000000 1.300000 0.000000 0.000000 0.000000 904 
# 2014 06 14 10 15 20 12.480000 -86.530000 13.000000 0.900000 0.000000 0.000000 0.000000 905 
# 2014 06 14 12 03 13 12.380000 -86.510000 9.000000 1.000000 0.000000 0.000000 0.000000 906 
# 2014 06 15 02 22 59 12.430000 -86.520000 1.000000 1.000000 0.000000 0.000000 0.000000 907 
# 2014 06 15 02 23 27 12.360000 -86.520000 5.000000 1.400000 0.000000 0.000000 0.000000 908 
# 2014 06 15 05 11 55 12.380000 -86.540000 3.000000 1.000000 0.000000 0.000000 0.000000 909 
# 2014 06 15 11 52 44 12.440000 -86.620000 3.000000 1.700000 0.000000 0.000000 0.000000 910 
# 2014 06 15 11 55 51 12.440000 -86.610000 7.000000 1.500000 0.000000 0.000000 0.000000 911 
# 2014 06 15 13 07 58 12.460000 -86.600000 7.000000 1.500000 0.000000 0.000000 0.000000 912 
# 2014 06 15 13 11 30 12.460000 -86.590000 8.000000 1.600000 0.000000 0.000000 0.000000 913 
# 2014 06 15 13 53 09 12.360000 -86.610000 2.000000 1.200000 0.000000 0.000000 0.000000 914 
# 2014 06 15 14 23 26 12.380000 -86.450000 6.000000 1.200000 0.000000 0.000000 0.000000 915 
# 2014 06 15 15 13 42 12.450000 -86.570000 9.000000 1.500000 0.000000 0.000000 0.000000 916 
# 2014 06 16 17 53 48 12.330000 -86.470000 15.000000 2.300000 0.000000 0.000000 0.000000 917 
# 2014 06 16 19 52 36 12.380000 -86.470000 5.000000 1.600000 0.000000 0.000000 0.000000 918 
# 2014 06 17 02 54 38 12.340000 -86.430000 6.000000 2.000000 0.000000 0.000000 0.000000 919 
# 2014 06 17 03 00 52 12.350000 -86.430000 6.000000 1.300000 0.000000 0.000000 0.000000 920 
# 2014 06 17 03 03 44 12.340000 -86.460000 4.000000 1.700000 0.000000 0.000000 0.000000 921 
# 2014 06 17 03 18 30 12.350000 -86.460000 5.000000 1.500000 0.000000 0.000000 0.000000 922 
# 2014 06 17 07 42 42 12.380000 -86.550000 3.000000 1.000000 0.000000 0.000000 0.000000 923 
# 2014 06 18 00 17 33 12.300000 -86.490000 2.000000 1.100000 0.000000 0.000000 0.000000 924 
# 2014 06 18 08 47 55 12.390000 -86.490000 9.000000 1.100000 0.000000 0.000000 0.000000 925 
# 2014 06 18 22 17 40 12.340000 -86.460000 13.000000 2.000000 0.000000 0.000000 0.000000 926 
# 2014 06 19 02 25 13 12.350000 -86.490000 5.000000 1.000000 0.000000 0.000000 0.000000 927 
# 2014 06 19 03 29 34 12.360000 -86.480000 13.000000 2.900000 0.000000 0.000000 0.000000 928 
# 2014 06 19 12 03 26 12.300000 -86.450000 2.000000 1.700000 0.000000 0.000000 0.000000 929 
# 2014 06 19 15 18 02 12.360000 -86.490000 8.000000 1.100000 0.000000 0.000000 0.000000 930 
# 2014 06 19 17 47 49 12.350000 -86.480000 16.000000 1.700000 0.000000 0.000000 0.000000 931 
# 2014 06 19 18 40 36 12.350000 -86.570000 3.000000 1.200000 0.000000 0.000000 0.000000 932 
# 2014 06 19 23 27 39 12.350000 -86.490000 6.000000 1.100000 0.000000 0.000000 0.000000 933 
# 2014 06 20 03 14 01 12.350000 -86.500000 9.000000 1.300000 0.000000 0.000000 0.000000 934 
# 2014 06 20 03 55 56 12.410000 -86.500000 11.000000 2.400000 0.000000 0.000000 0.000000 935 
# 2014 06 20 09 41 45 12.360000 -86.470000 6.000000 1.800000 0.000000 0.000000 0.000000 936 
# 2014 06 20 16 22 05 12.350000 -86.460000 13.000000 2.800000 0.000000 0.000000 0.000000 937 
# 2014 06 20 20 47 11 12.360000 -86.490000 6.000000 2.000000 0.000000 0.000000 0.000000 938 
# 2014 06 21 00 33 05 12.320000 -86.470000 2.000000 1.300000 0.000000 0.000000 0.000000 939 
# 2014 06 21 04 10 29 12.370000 -86.510000 2.000000 0.800000 0.000000 0.000000 0.000000 940 
# 2014 06 21 06 20 03 12.320000 -86.460000 5.000000 1.700000 0.000000 0.000000 0.000000 941 
# 2014 06 21 06 38 15 12.320000 -86.460000 5.000000 1.300000 0.000000 0.000000 0.000000 942 
# 2014 06 21 06 58 46 12.360000 -86.500000 6.000000 1.200000 0.000000 0.000000 0.000000 943 
# 2014 06 21 14 00 10 12.330000 -86.470000 4.000000 2.100000 0.000000 0.000000 0.000000 944 
# 2014 06 22 00 59 22 12.490000 -86.750000 0.000000 1.800000 0.000000 0.000000 0.000000 945 
# 2014 06 22 20 43 01 12.370000 -86.460000 2.000000 2.200000 0.000000 0.000000 0.000000 946 
# 2014 06 23 06 24 34 12.360000 -86.480000 3.000000 1.300000 0.000000 0.000000 0.000000 947 
# 2014 06 23 20 39 45 12.040000 -86.200000 1.000000 1.400000 0.000000 0.000000 0.000000 948 
# 2014 06 24 01 16 03 12.360000 -86.510000 9.000000 1.400000 0.000000 0.000000 0.000000 949 
# 2014 06 24 03 16 52 12.330000 -86.480000 3.000000 1.700000 0.000000 0.000000 0.000000 950 
# 2014 06 24 05 12 30 12.370000 -86.540000 2.000000 1.000000 0.000000 0.000000 0.000000 951 
# 2014 06 24 05 14 53 12.360000 -86.520000 3.000000 1.100000 0.000000 0.000000 0.000000 952 
# 2014 06 24 05 15 23 12.370000 -86.500000 1.000000 1.300000 0.000000 0.000000 0.000000 953 
# 2014 06 24 05 15 40 12.350000 -86.560000 13.000000 1.500000 0.000000 0.000000 0.000000 954 
# 2014 06 24 10 45 29 12.370000 -86.520000 2.000000 1.200000 0.000000 0.000000 0.000000 955 
# 2014 06 24 22 29 47 12.470000 -86.650000 8.000000 2.200000 0.000000 0.000000 0.000000 956 
# 2014 06 24 22 37 32 12.440000 -86.660000 6.000000 1.300000 0.000000 0.000000 0.000000 957 
# 2014 06 24 23 37 35 12.490000 -86.620000 4.000000 2.300000 0.000000 0.000000 0.000000 958 
# 2014 06 24 23 43 41 12.480000 -86.640000 5.000000 1.800000 0.000000 0.000000 0.000000 959 
# 2014 06 24 23 47 27 12.460000 -86.640000 4.000000 1.100000 0.000000 0.000000 0.000000 960 
# 2014 06 25 01 04 04 12.380000 -86.690000 2.000000 1.600000 0.000000 0.000000 0.000000 961 
# 2014 06 25 01 06 50 12.460000 -86.650000 6.000000 1.400000 0.000000 0.000000 0.000000 962 
# 2014 06 25 01 34 31 12.480000 -86.630000 4.000000 2.400000 0.000000 0.000000 0.000000 963 
# 2014 06 25 01 45 01 12.470000 -86.640000 6.000000 1.500000 0.000000 0.000000 0.000000 964 
# 2014 06 25 02 09 12 12.460000 -86.630000 10.000000 0.900000 0.000000 0.000000 0.000000 965 
# 2014 06 25 03 17 04 12.380000 -86.680000 2.000000 1.200000 0.000000 0.000000 0.000000 966 
# 2014 06 25 04 57 25 12.450000 -86.650000 4.000000 0.900000 0.000000 0.000000 0.000000 967 
# 2014 06 25 06 26 07 12.450000 -86.660000 6.000000 0.700000 0.000000 0.000000 0.000000 968 
# 2014 06 25 09 25 58 12.480000 -86.630000 5.000000 1.700000 0.000000 0.000000 0.000000 969 
# 2014 06 25 11 12 17 12.460000 -86.640000 2.000000 1.500000 0.000000 0.000000 0.000000 970 
# 2014 06 26 06 12 51 12.410000 -86.540000 2.000000 0.900000 0.000000 0.000000 0.000000 971 
# 2014 06 26 06 12 54 12.470000 -86.530000 2.000000 0.900000 0.000000 0.000000 0.000000 972 
# 2014 06 26 06 13 06 12.410000 -86.540000 2.000000 1.100000 0.000000 0.000000 0.000000 973 
# 2014 06 26 07 00 32 12.230000 -86.360000 5.000000 2.500000 0.000000 0.000000 0.000000 974 
# 2014 06 26 10 06 35 12.460000 -86.640000 2.000000 0.900000 0.000000 0.000000 0.000000 975 
# 2014 06 26 12 03 31 12.390000 -86.470000 5.000000 1.000000 0.000000 0.000000 0.000000 976 
# 2014 06 26 19 01 25 12.340000 -86.490000 12.000000 2.000000 0.000000 0.000000 0.000000 977 
# 2014 06 26 20 51 57 12.490000 -86.620000 5.000000 1.900000 0.000000 0.000000 0.000000 978 
# 2014 06 28 05 09 48 12.490000 -86.630000 6.000000 1.900000 0.000000 0.000000 0.000000 979 
# 2014 06 28 05 25 42 12.490000 -86.630000 6.000000 1.800000 0.000000 0.000000 0.000000 980 
# 2014 06 29 02 46 58 12.470000 -86.630000 7.000000 1.300000 0.000000 0.000000 0.000000 981 
# 2014 06 29 12 40 17 12.270000 -86.790000 136.000000 3.400000 0.000000 0.000000 0.000000 982 
# 2014 06 29 20 09 56 12.460000 -86.580000 7.000000 1.000000 0.000000 0.000000 0.000000 983 
# 2014 06 30 07 21 56 12.380000 -86.520000 4.000000 1.000000 0.000000 0.000000 0.000000 984 
# 2014 06 30 08 01 29 12.380000 -86.500000 6.000000 0.900000 0.000000 0.000000 0.000000 985 
# 2014 06 30 09 24 58 12.380000 -86.520000 1.000000 1.700000 0.000000 0.000000 0.000000 986 
# 2014 06 30 12 11 48 12.350000 -86.420000 2.000000 1.200000 0.000000 0.000000 0.000000 987 
# 2014 06 30 21 55 24 12.360000 -86.470000 2.000000 1.000000 0.000000 0.000000 0.000000 988 
